version: 1
creator: callgrind-3.6.1
pid: 3234
cmd:  time ./Test Box5.ply inputCleanedframe2.asc inputCleanedframe.xyz
part: 1


desc: I1 cache: 
desc: D1 cache: 
desc: LL cache: 

desc: Timerange: Basic block 0 - 31236
desc: Trigger: Program termination

positions: line
events: Ir
summary: 146062


ob=(4) /usr/lib/valgrind/vgpreload_core-amd64-linux.so
fl=(39) ???
fn=(592) 0x00000000000004f0
0 10
cob=(3) /lib/x86_64-linux-gnu/libc-2.13.so
cfi=(88) /build/buildd/eglibc-2.13/stdlib/cxa_finalize.c
cfn=(604) __cxa_finalize
calls=1 31 
0 53
cob=(1) /lib/x86_64-linux-gnu/ld-2.13.so
cfi=(51) /build/buildd/eglibc-2.13/elf/../sysdeps/x86_64/dl-trampoline.S
cfn=(238) _dl_runtime_resolve
calls=1 30 
0 735
0 13

fn=(190) 0x0000000000000570
0 6

fn=(184) 0x00000000000004d0
0 6

fn=(196) 0x0000000000000700
0 11

ob=(6) /usr/lib/valgrind/callgrind-amd64-linux
fl=(63) /build/buildd/valgrind-3.6.1/coregrind/m_trampoline.S
fn=(324) vgPlain_amd64_linux_REDIR_FOR_vgettimeofday
155 2
+1 2
+1 2

ob=(1)
fl=(12) /build/buildd/eglibc-2.13/elf/dl-object.c
fn=(44) _dl_add_to_namespace_list
33 12
+2 3
-2 3
+2 3
cfi=(2) /build/buildd/eglibc-2.13/elf/rtld.c
cfn=(46) rtld_lock_default_lock_recursive
calls=3 837 
* 6
+2 22
+3 18
+2 2
+2 2
+4 2
+4 2
-4 4
+1 4
+1 4
+2 2
+1 6
-1 2
cfi=(2)
cfn=(48) rtld_lock_default_unlock_recursive
calls=2 843 
* 4
-4 1
+4 1
-4 2
+1 2
+1 2
+2 1
+1 3
-1 1
cfi=(2)
cfn=(48)
calls=1 843 
* 2
-5 2

fn=(28) _dl_new_object
62 27
+2 3
-2 12
+2 3
cfi=(9) /build/buildd/eglibc-2.13/string/../sysdeps/x86_64/multiarch/../rtld-strlen.S
cfn=(18) strlen
calls=3 -35 
* 123
+6 3
-6 3
+6 39
+7 12
cfi=(14) /build/buildd/eglibc-2.13/elf/dl-minimal.c
cfn=(32) calloc
calls=3 +34 
* 117
+3 3
-3 3
+3 6
+4 3
+5 3
-6 3
+5 3
+1 3
-5 3
+3 3
+2 6
cfi=(15) /build/buildd/eglibc-2.13/string/../sysdeps/x86_64/memcpy.S
cfn=(42) memcpy
calls=3 -33 
* 88
+2 3
-2 3
+5 3
-3 3
+3 3
-1 3
+1 9
+3 3
-3 3
+3 3
+9 3
-7 3
+4 3
+3 3
-46 5
+48 2
-2 2
+2 30
-2 30
+12 3
+6 6
-5 3
-1 3
+6 9
-2 3
+2 6
+2 8
+3 7
+4 6
+4 14
+8 2
+6 1
-3 2
+3 4
-3 4
+3 4
+2 2
+4 4
-4 2
cfi=(9)
cfn=(18)
calls=2 29 
* 144
+4 2
-4 2
+4 4
+68 27
98 6
+31 1
+8 4
+24 4
cfi=(14)
cfn=(36) malloc
calls=2 -66 
* 56
+1 2
-1 2
+1 6
+45 6
cfi=(15)
cfn=(64) mempcpy
calls=2 56 
* 71
* 2
+5 40
+1 40
-1 40
+1 42
-1 2
+1 2
+4 4
+1 2
+3 4

fl=(22) /build/buildd/eglibc-2.13/string/../sysdeps/x86_64/multiarch/../strchr.S
fn=(68) index
26 6
+1 6
+1 6
+1 6
+1 6
+1 6
+1 6
+1 6
+1 6
+1 6
+1 6
+1 6
+1 6
+1 6
+1 6
+1 6
+1 6
+1 6
+1 6
+1 6
+1 6
+2 6
+1 6
+1 6
+1 6
+1 6
+1 6
+1 6
+1 6
+1 6
+2 6
+1 6
+1 1
+1 1
+1 1
+1 1
+1 5
+1 6

fl=(20) /build/buildd/eglibc-2.13/io/../sysdeps/unix/syscall-template.S
fn=(96) open
82 28
+1 7
+1 24

fn=(110) close
82 12
+1 3

fn=(62) access
82 12
+1 3
+1 18

fn=(98) read
82 8
+1 2

fl=(16) /build/buildd/eglibc-2.13/string/../sysdeps/x86_64/multiarch/../strcmp.S
fn=(50) strcmp
135 252
+1 252
+1 252
+1 145
+1 145
+1 145
+1 145
cfn=(51) strcmp'2
calls=145 -6 
* 10562
+5 107
+1 107
+1 107
+1 107

fn=(51)
135 1470
+1 1470
+1 1470
+1 1461
+1 1461
+1 1461
+1 1461
cfn=(51)
calls=1325 -6 
* 56557
+2 136
+1 136
+2 9
+1 9
+1 9
+1 9

fl=(18) /build/buildd/eglibc-2.13/posix/../sysdeps/unix/syscall-template.S
fn=(56) uname
82 4
+1 1

fl=(2)
fn=(48)
843 4
+1 4

fn=(144) security_init
850 4
+2 1
fi=(34) /build/buildd/eglibc-2.13/elf/../sysdeps/unix/sysv/linux/dl-osinfo.h
68 1
+4 1
+3 2
+48 6
+1 1
fe=(2)
854 1
+6 3
+2 1
fi=(34)
132 2
+11 1
fe=(2)
865 1
+2 1
+6 1
+1 5

fn=(24) process_envvars
2530 7
+23 1
-23 2
+1 1
+7 1
-7 1
+7 4
-4 1
-1 1
+5 2
+2 2
cfi=(11) /build/buildd/eglibc-2.13/elf/dl-environ.c
cfn=(26) _dl_next_ld_env_entry
calls=1 31 
* 62
* 4
cfi=(11)
cfn=(26)
calls=2 31 
* 270
* 9
+4 46
+1 19
-1 57
+3 4
+6 12
2706 1
-4 1
+4 2
+33 2
+22 8
2629 17
-53 5
+7 12
+2 2
+1 1
+45 2
+1 1

fn=(2) _dl_start
366 9
+18 4
fi=(5) /build/buildd/eglibc-2.13/elf/../sysdeps/x86_64/dl-machine.h
76 2
fe=(2)
384 1
+29 2
-3 1
fi=(3) /build/buildd/eglibc-2.13/elf/dynamic-link.h
119 1
fe=(2)
413 1
fi=(3)
119 2
+7 1
+5 1
+3 1
+2 1
-9 2
-5 26
+15 13
-18 39
+18 1
-18 3
+2 36
+5 20
+1 16
+10 4
-18 13
+25 2
+20 4
+1 4
+1 4
+1 4
+2 4
+5 4
+1 4
+1 4
+6 3
+5 2
+7 3
+1 3
+8 3
+2 3
+3 2
+1 2
fe=(2)
541 3
+7 1
289 2
+12 2
cfi=(6) /build/buildd/eglibc-2.13/elf/dl-lookup.c
cfn=(10) _dl_setup_hash
calls=1 858 
* 29
+1 1
+1 1
-1 1
+1 1
+1 1
+1 1
-1 1
+1 1
+21 1
+10 1
-10 3
+10 1
-6 1
-4 1
+10 1
cfi=(7) /build/buildd/eglibc-2.13/elf/../elf/dl-sysdep.c
cfn=(12) _dl_sysdep_start
calls=1 89 
* 91504
* 1
+9 4
+3 1
+4 1
-4 1
+4 1
573 9
fi=(3)
128 4
+3 4
fe=(2)
546 14
fi=(4) /build/buildd/eglibc-2.13/elf/do-rel.h
76 1
-1 1
-18 1
+19 1
-2 1
+2 1
+3 8
+25 3
fi=(5)
466 1
fi=(4)
105 1
fi=(5)
466 14
fi=(4)
105 13
fi=(5)
466 13
+1 28
fi=(4)
104 14
+1 14
-1 14
fi=(5)
467 14
fi=(4)
104 14
+5 2
+8 3
+3 1
+2 1
fi=(5)
288 3
fi=(4)
120 7
+2 7
fi=(5)
288 21
fi=(4)
120 24
fi=(5)
297 24
+3 8
-3 16
+3 24
+6 24
+1 16
fi=(4)
117 25
fi=(3)
+17 4
+1 1
+1 3
fe=(2)
289 69

fn=(78) do_preload
803 6
+6 1
+1 1
+5 5
-10 1
+6 1
+2 1
+2 1
cfi=(24) /build/buildd/eglibc-2.13/elf/dl-error.c
cfn=(80) _dl_catch_error
calls=1 160 
* 2241
+1 2
+10 3
+4 5

fn=(82) _dl_initial_error_catch_tsd
797 8

fn=(22) dl_main
889 1
+19 1
-19 5
+22 1
-22 2
+35 1
-35 1
+27 1
-27 3
+32 1
-6 1
-7 1
+3 1
+5 1
-1 1
+6 1
+3 1
cfn=(24)
calls=1 2530 
* 560
+7 3
1110 7
cfi=(12)
cfn=(28)
calls=1 62 
* 240
+2 1
-2 1
+2 1
+2 1
-1 1
+6 2
898 1
1114 1
+1 2
+4 1
cfi=(12)
cfn=(44)
calls=1 33 
* 34
+1 3
+29 1
-3 1
895 1
1141 1
+1 1
+2 1
+5 3
+56 4
-55 27
-1 27
+1 47
+95 2
+1 2
+1 1
-6 2
+1 1
-88 3
+1 1
+50 2
-1 2
+1 4
-1 2
+2 4
+1 1
+3 2
+1 2
-1 2
+1 2
+1 2
+1 6
+1 2
-43 1
-2 2
+27 1
-25 1
+7 2
-10 1
+10 1
-19 3
+1 1
+92 3
+3 2
+2 2
+2 3
+13 3
+1 6
cfi=(16)
cfn=(50)
calls=1 135 
* 7
* 2
+7 1
+3 1
-5 1
+3 1
+2 1
+1 2
+4 2
+2 2
fi=(3)
104 1
+9 2
+6 1
-2 1
+2 2
+7 1
+5 1
+3 1
-7 14
+10 3
-18 9
+8 15
+10 15
-18 45
+18 1
-18 3
+2 38
+5 16
+2 4
+16 3
+38 3
+5 2
+7 2
+1 3
+16 3
+14 3
+7 2
fe=(2)
1295 2
cfi=(6)
cfn=(10)
calls=1 858 
* 29
+3 2
+20 2
+92 1
cfi=(17) /build/buildd/eglibc-2.13/elf/../sysdeps/unix/sysv/linux/dl-sysdep.c
cfn=(54) _dl_discover_osversion
calls=1 67 
* 94
* 8
+5 2
cfi=(19) /build/buildd/eglibc-2.13/elf/dl-load.c
cfn=(58) _dl_init_paths
calls=1 622 
* 1526
+3 3
cfi=(23) /build/buildd/eglibc-2.13/elf/dl-debug.c
cfn=(74) _dl_debug_initialize
calls=1 52 
* 18
+7 1
-7 1
+2 1
+5 1
+4 1
+1 1
+2 1
-1 1
-2 3
+1 1
+3 1
+5 2
+5 1
+2 2
+2 1
885 1
1446 1
+1 1
+4 1
+1 2
+1 1
-1 2
+1 3
+2 2
+1 2
+5 2
+5 1
904 1
1466 2
1647 3
+3 2
+4 3
+5 2
+1 1
cfi=(23)
cfn=(76) _dl_debug_state
calls=1 77 
* 1
+4 2
+15 3
+4 1
-2 1
+2 2
+31 3
cfi=(20)
cfn=(62)
calls=1 82 
* 11
* 2
+77 1
1680 1
1791 3
+17 1
+1 2
-1 1
+1 2
-1 1
+1 3
cfi=(29) /build/buildd/eglibc-2.13/elf/dl-deps.c
cfn=(112) _dl_map_object_deps
calls=1 149 
* 6388
+1 3
+5 1
-5 1
+1 1
-3 3
+4 1
+3 1
-3 1
+3 3
+1 4
-1 2
+1 12
-1 6
+4 3
+1 3
+1 1
+2 2
+1 5
-1 2
+1 8
-1 6
+47 2
+2 2
-2 2
+1 2
-1 1
+2 1
-1 2
+1 1
cfi=(24)
cfn=(128) _dl_receive_error
calls=1 198 
* 2562
+10 1
+1 1
-1 1
+1 1
+3 2
+3 1
cfn=(144)
calls=1 850 
* 32
+2 2
2120 3
+56 2
+4 4
+4 2
+48 2
+10 1
-10 1
+7 1
+3 16
+3 6
+6 2
+2 2
-2 6
+2 6
+6 8
+1 21
cfi=(35) /build/buildd/eglibc-2.13/elf/dl-reloc.c
cfn=(148) _dl_relocate_object
calls=3 158 
* 69013
+4 10
+1 2
cfi=(32) /build/buildd/eglibc-2.13/elf/dl-tls.c
cfn=(166) _dl_add_to_slotinfo
calls=1 820 
* 20
+2 4
+2 8
+1 4
+2 1
+6 1
-6 1
+6 1
+9 4
+6 2
cfi=(32)
cfn=(168) _dl_allocate_tls_init
calls=1 380 
* 141
+4 2
+9 3
+2 4
+29 1
cfi=(7)
cfn=(170) _dl_sysdep_start_cleanup
calls=1 252 
* 1
+4 2
+20 3
cfi=(23)
cfn=(74)
calls=1 52 
* 9
+1 1
+1 1
cfi=(23)
cfn=(76)
calls=1 77 
* 1
+4 1
cfi=(31) /build/buildd/eglibc-2.13/elf/dl-cache.c
cfn=(172) _dl_unload_cache
calls=1 309 
* 15
+5 8
fi=(3)
131 4
fe=(2)
1836 1
+1 1
-1 2
+1 1
+2 1
+2 3
+2 1
-4 1
+4 2
+14 4
+1 2
+1 3
2323 1
+2 1
+1 1
-3 1
+3 3
-3 1
+3 1
cfi=(35)
cfn=(148)
calls=1 158 
* 5653
+1 3
-4 1
+4 1
+1 1
-5 2
+6 3
-41 2
1834 2
fi=(3)
134 4
+1 1
+1 3
fe=(2)
1314 3
1439 4
-11 4
2255 1
+1 1
-3 2
1795 5
+1 1
-1 3
+4 3
+1 1
+1 2
+1 2
1690 59
cfi=(15)
cfn=(42)
calls=1 56 
* 47
* 1
+3 6
+3 3
cfi=(14)
cfn=(72) strsep
calls=1 320 
* 768
* 3
cfi=(14)
cfn=(72)
calls=1 320 
* 8
* 6
+1 2
+1 2
+2 4
cfn=(78)
calls=1 803 
* 2268
* 2
+2 1
+1 1
-1 3
+1 1
+1 3
1410 1
1884 1
cfn=(138) init_tls
calls=1 721 
* 596
* 2

fn=(46)
837 4
+1 4

fn=(86) map_doit
629 2
+2 7
cfi=(19)
cfn=(88) _dl_map_object
calls=1 1965 
* 2172
* 1
+2 2

fn=(138)
721 1
+7 1
-7 2
+6 1
-4 2
+4 1
+60 5
-50 2
-4 1
+4 2
cfi=(14)
cfn=(32)
calls=1 111 
* 37
+11 1
-12 1
+7 1
+1 1
+4 1
+2 1
-1 1
+1 2
+2 8
+4 1
+2 1
-2 2
-5 1
-1 2
+1 3
-1 6
+10 3
+3 1
cfi=(32)
cfn=(140) _dl_determine_tlsoffset
calls=1 116 
* 69
+7 1
cfi=(32)
cfn=(142) _dl_allocate_tls_storage
calls=1 332 
* 420
+1 1
-1 1
+1 1
+6 1
+4 1
-4 1
+4 6
+3 1
+2 1

fn=(130) version_check_doit
661 2
+2 4
cfi=(33) /build/buildd/eglibc-2.13/elf/dl-version.c
cfn=(132) _dl_check_all_versions
calls=1 387 
* 2522
* 2
+4 2

fl=(6)
fn=(158) check_match.10814
133 588
+1 196
+2 196
+2 294
-2 196
+12 294
+3 196
+5 98
-1 98
+1 98
-1 98
+1 98
+2 192
+19 192
+1 768
+1 279
cfi=(16)
cfn=(50)
calls=93 -44 
* 8040
* 186
+45 686
-73 180
cfi=(16)
cfn=(50)
calls=36 -16 
* 2697
* 108
+29 15
+3 12
+23 4
+2 4
+1 4
-1 4
+1 8
-1 4
-72 196

fn=(10)
858 4
+4 12
+4 4
+4 8
+2 4
-1 4
+3 12
+5 4
-4 4
+1 4
+3 4
-3 4
+6 4
-4 4
+1 4
+4 8
-7 4
+5 4
+1 4
+1 8
+13 8

fn=(156) do_lookup_x
83 1020
+1 102
-6 102
+5 204
-5 918
+12 102
231 102
+3 102
-3 102
+3 102
99 102
-3 102
+1 102
+2 102
+3 102
-3 102
+3 102
-3 200
-3 200
+1 200
+2 200
+3 200
-3 200
+3 200
+4 628
+4 596
+4 596
+7 894
+4 894
+1 894
227 298
+1 596
+4 596
-2 298
+5 1192
+4 298
-4 298
+4 298
-1 596
+1 298
-1 596
+21 200
+24 400
459 1278
+4 612
+3 4
+1 816
288 716
+4 247
+14 98
-1 98
+1 98
+1 196
460 210
cfi=(26) /build/buildd/eglibc-2.13/elf/dl-misc.c
cfn=(90) _dl_name_match_p
calls=42 301 
* 1792
* 210
242 432
-1 216
+2 216
+2 432
+10 326
-7 840
+2 196
+1 98
-1 98
+1 392
-1 294
+1 392
cfn=(158)
calls=98 133 
* 16029
+1 686

fn=(154) _dl_lookup_symbol_x
713 306
474 102
713 1122
474 510
+1 204
-1 102
+1 306
-1 306
+1 2332
-1 1166
+1 3498
-1 3600
715 102
+4 102
+4 102
-8 102
+1 204
+7 294
+5 306
-1 204
+7 510
+8 8
-8 16
+2 1530
cfn=(156)
calls=102 83 
* 42458
+3 204
-5 102
+33 204
+23 392
+1 392
+35 588
+14 294
+3 392
+5 98
+2 918
-81 28
+17 4
+1 8
+54 2

fl=(11)
fn=(26)
31 3
+1 3
+2 11
+2 98
+11 47
-13 141
+17 1
-14 20
+5 2
-3 2
+3 2
+2 2

fl=(23)
fn=(74)
52 8
+9 1
-1 1
+1 1
+1 2
-1 1
+1 3
+1 2
+4 4
-10 4
-4 4
+4 14

fn=(76)
77 2

fl=(38) /build/buildd/eglibc-2.13/elf/dl-init.c
fn=(180) call_init
36 45
+1 5
-1 10
+1 10
+9 4
-3 8
+3 12
+5 9
+5 4
+8 4
+2 4
+4 8
cob=(3)
cfi=(40) /build/buildd/eglibc-2.13/csu/../sysdeps/unix/sysv/linux/x86_64/../init-first.c
cfn=(202) _init
calls=1 -18 
* 3104
cob=(2) ???
cfi=(13) ???
cfn=(182) 0x0000000004a23480
calls=1 -70 
* 29
+4 2
+1 4
+12 40
-35 2
-5 4

fn=(178) _dl_init
93 11
+1 1
+1 1
+3 3
+7 2
+27 1
+1 4
+1 4
-1 1
+1 3
cfn=(180)
calls=1 -98 
* 33
* 12
-1 3
+1 9
cfn=(180)
calls=3 -98 
* 3202
-1 8
+7 8
-40 1
cfn=(180)
calls=1 -64 
* 73
+1 2

fl=(9)
fn=(18)
29 10
+1 10
+1 10
+1 10
+2 3
+1 3
+2 3
+1 3
-1 3
+1 3
+1 5
+1 5
+1 5
+2 18
+5 9
+1 9
+1 9
+1 9
+3 9
-6 3
+1 3
+1 3
+1 3
+3 3
+1 11
+1 11
+1 11
+2 11
+3 11
+1 11
+1 11
+1 11
+3 11
+1 7
+1 7
+1 7
+2 7
+3 4
+1 4
+1 4
+1 4
+3 4
+1 4
+1 4
+1 4
+2 4
+3 4
+1 4
+1 4
+1 4
+3 4
+1 3
+1 3
+1 3
+2 3
+3 9
+2 9
+1 9
+1 9
+2 9
+1 9
+1 7
+2 7
+1 7
+1 7
+2 7
+1 7
+1 6
+2 6
+2 6
+1 6
+1 5
+2 5
+1 5
+1 5
+2 5
+1 5
+1 4
+2 4
+1 4
-1 6
+1 6

fl=(35)
fn=(148)
158 24
+10 8
-10 12
+14 4
-14 8
+14 4
+1 20
+6 8
+6 12
+4 8
+8 8
-32 4
+77 4
fi=(5)
96 8
fe=(35)
242 8
fi=(5)
96 4
+39 3
fe=(35)
268 102
156 6
fi=(4)
-91 3
fe=(35)
268 6
fi=(4)
59 3
+6 3
-7 3
+7 3
fe=(35)
268 1
156 2
fi=(4)
-91 1
fe=(35)
268 2
fi=(4)
59 1
+6 1
-7 1
+7 5
fe=(35)
268 8
fi=(4)
59 4
+6 4
-7 4
+7 4
+3 11
fi=(5)
476 3
-1 6
+4 6
-3 33
-1 66
+4 66
+2 102
+1 34
fi=(4)
68 108
+59 8
fe=(35)
268 16
+3 12
+40 4
+3 8
+17 12
+2 32
fi=(4)
75 4
+1 4
-1 8
+1 36
+15 3
-12 3
+12 7
-12 1
+12 2
+10 6
+3 8
fi=(5)
466 2
fi=(4)
105 2
fi=(5)
466 1194
fi=(4)
105 1192
fi=(5)
466 1192
+1 2388
fi=(4)
104 1194
+1 1194
-1 1194
fi=(5)
467 1194
fi=(4)
104 1194
+7 12
+3 3
+3 3
-3 3
+3 3
fi=(5)
401 9
fi=(4)
119 6
+1 3
+2 6
-1 3
-2 3
fi=(5)
267 3
fi=(4)
119 3
fi=(5)
270 3
fi=(4)
119 3
+1 9
fi=(5)
270 3
fi=(4)
119 192
+1 96
+2 192
-1 96
-2 96
fi=(5)
267 96
fi=(4)
119 96
fi=(5)
270 96
fi=(4)
119 96
+1 288
fi=(5)
270 96
+18 198
+7 1456
fi=(4)
120 6
+1 6
fi=(5)
295 12
fi=(4)
120 6
fi=(5)
295 334
fi=(4)
120 79
+1 79
fi=(5)
295 158
fi=(4)
120 79
fi=(5)
295 1342
cfi=(6)
cfn=(154)
calls=85 713 
* 51503
* 425
+2 297
+3 97
-3 194
+3 291
+9 198
96 6
+6 6
+4 9
+13 3
-8 3
+8 6
+13 3
+3 3
-3 3
+3 9
fe=(35)
+52 12
fi=(5)
-52 6
fe=(35)
268 6
fi=(5)
+27 316
fi=(4)
117 13
fi=(5)
309 396
+85 84
fi=(4)
117 168
fi=(5)
394 84
fi=(4)
117 86
fi=(5)
377 30
+4 30
+5 20
fi=(4)
117 10
fi=(5)
387 10
fi=(4)
117 10
fi=(5)
387 10
fi=(4)
117 10
fi=(5)
327 2
+1 1
fi=(4)
117 1
fi=(5)
328 1
fi=(4)
117 2
fi=(5)
430 12
+4 24
cfi=(15)
cfn=(42)
calls=4 56 
* 72
+2 20
+1 4
fi=(4)
101 3
fe=(35)
340 4
-1 8
+1 4
-1 8
+2 8
+3 8
+1 12
cfi=(21) /build/buildd/eglibc-2.13/misc/../sysdeps/unix/syscall-template.S
cfn=(104) mprotect
calls=4 82 
* 20
* 8
fi=(4)
127 6
+1 2
+1 2
-1 1
fi=(5)
267 1
fi=(4)
128 1
fi=(5)
270 1
fi=(4)
128 3
fi=(5)
270 1
fi=(4)
128 4
+1 4
-1 2
fi=(5)
267 2
fi=(4)
128 2
fi=(5)
270 2
fi=(4)
128 6
fi=(5)
270 2
+18 6
+7 99
cfi=(6)
cfn=(154)
calls=3 713 
* 1566
* 15
+2 9
+3 1
-3 2
+3 3
+9 6
-14 12
fi=(4)
127 11
fi=(5)
309 12
+85 9
+94 4
295 69
497 4
+2 4
+1 6
cob=(3)
cfi=(36) /build/buildd/eglibc-2.13/string/../sysdeps/x86_64/multiarch/strcmp.S
cfn=(164) strncasecmp
calls=1 124 
* 6
cob=(3)
cfi=(36)
cfn=(160) strcasecmp
calls=1 106 
* 57
* 2
+1 6
fe=(35)

fl=(25) /build/buildd/eglibc-2.13/setjmp/../sysdeps/x86_64/setjmp.S
fn=(84) __sigsetjmp
26 3
+2 3
+1 6
+1 3
+4 3
+1 3
+1 3
+1 3
+1 3
+2 6
+2 3
+1 3
+2 6
+2 3
+4 3
+1 3

fl=(19)
fn=(116) open_path
1816 8
+1 1
-1 5
+7 1
-7 1
+1 1
+6 1
+5 2
+52 1
-52 2
+52 1
-59 1
-1 1
+60 1
-52 6
+12 1
-9 1
+9 1
+7 3
+1 2
-1 1
cfi=(15)
cfn=(64)
calls=1 56 
* 31
+1 1
-1 1
+1 2
+20 8
-20 3
+3 8
-39 4
+43 4
-43 4
+43 20
cfi=(15)
cfn=(64)
calls=4 56 
* 85
* 16
cfi=(15)
cfn=(64)
calls=4 56 
* 92
* 4
+3 4
+3 8
+3 28
cfn=(94) open_verify
calls=4 1562 
* 188
* 4
+2 12
+7 8
+1 36
+6 8
+2 12
-2 4
+2 4
cfi=(30) /build/buildd/eglibc-2.13/io/../sysdeps/unix/sysv/linux/wordsize-64/xstat.c
cfn=(118) _xstat
calls=4 37 
* 49
* 8
+1 4
+2 6
+7 6
-44 9
+44 2
-44 4
+85 5
+7 1
-2 1
+2 3
+3 3
+13 1
+1 9
-70 3

fn=(58)
622 1
+15 2
-15 8
+15 3
cfi=(7)
cfn=(60) _dl_important_hwcaps
calls=1 354 
* 348
+5 1
-5 1
+5 1
cfi=(14)
cfn=(36)
calls=1 95 
* 28
+1 1
-1 1
-1 1
+2 1
+8 1
-1 1
+1 1
-1 4
+5 2
cfi=(14)
cfn=(36)
calls=1 95 
* 53
+2 1
-3 1
+3 1
+29 1
-2 2
-21 1
+1 1
+22 1
-20 1
-45 1
+65 1
-65 1
+44 1
-44 2
+53 1
-2 1
+3 1
+2 1
-3 1
+4 2
+4 1
-3 1
+3 1
-8 3
-2 3
+3 3
+2 3
-3 3
+4 6
+4 3
-3 3
+3 3
+1 8
-62 24
+61 16
-61 8
+63 4
-1 12
+1 4
-1 48
+1 8
-1 24
+3 4
-14 4
+14 17
-7 6
+18 1
-11 1
+6 1
+1 1
+5 2
+2 4
+2 3
+32 5
+8 3
cfi=(22)
cfn=(68)
calls=1 26 
* 34
* 2
+2 2
cfi=(9)
cfn=(18)
calls=1 29 
* 54
* 8
cfi=(15)
cfn=(42)
calls=1 56 
* 31
* 1
+17 1
-1 1
+1 4
+2 1
+1 2
+1 1
-4 3
+2 13
+1 26
+1 13
-4 39
+8 2
cfi=(14)
cfn=(36)
calls=1 95 
* 28
+1 1
-2 1
+2 1
+6 7
cfn=(70) fillin_rpath
calls=1 384 
* 509
+4 3
+6 1
+4 8
-72 1
-2 1
+2 2
+11 2

fn=(100) _dl_map_object_from_fd
824 24
+11 2
-11 2
+11 2
-11 2
+11 2
cfi=(23)
cfn=(74)
calls=2 52 
* 18
+4 6
-4 2
+4 2
cfi=(27) /build/buildd/eglibc-2.13/io/../sysdeps/unix/sysv/linux/wordsize-64/fxstat.c
cfn=(102) _fxstat
calls=2 37 
* 20
* 4
+11 14
+1 6
-1 15
+1 20
+17 4
+25 4
+9 4
+21 8
+31 4
836 2
957 14
cfi=(12)
cfn=(28)
calls=2 62 
* 954
+1 2
-1 2
+1 2
+11 2
+2 2
-65 2
+68 2
+1 2
-69 2
+63 2
+1 2
+1 2
+4 2
-5 2
+3 6
+1 6
+25 2
+8 2
-27 2
+19 2
+8 2
-8 8
+8 6
-8 2
+8 4
-8 2
+8 6
+89 4
-95 2
-1 2
-10 2
1096 6
-88 28
+6 4
+1 8
-8 136
+1 97
+60 3
+4 1
+1 1
+1 1
-1 1
+1 1
+4 1
+3 1
-3 1
+7 4
+6 1
cfi=(32)
cfn=(126) _dl_next_tls_modid
calls=1 54 
* 8
* 4
+1 1
-67 20
+6 8
+1 4
-1 16
+9 8
-1 4
+1 20
+1 12
+2 4
-1 4
+3 4
-3 4
+2 4
+5 4
-4 4
-1 4
+5 4
+1 12
+5 2
-1 2
+1 2
-16 2
+15 2
+1 10
+10 2
-10 2
-1 2
+1 2
-16 2
+15 2
+1 10
+10 2
-46 2
+1 1
1150 4
+1 6
+1 2
-6 4
+1 2
-70 5
+78 4
+13 2
970 2
1168 2
-3 2
+3 4
970 2
1168 4
+2 2
-2 2
+2 2
+14 4
+5 12
cfi=(21)
cfn=(66) mmap
calls=2 82 
* 12
+4 2
-4 2
+4 4
+7 4
+1 2
+2 2
-3 2
+1 2
+2 2
+10 2
+35 12
+1 6
+2 8
+7 16
+6 2
+2 2
-2 2
+1 2
+2 4
-1 10
+8 4
+3 4
+11 16
cfi=(28) /build/buildd/eglibc-2.13/string/../sysdeps/x86_64/multiarch/../memset.S
cfn=(106) memset
calls=2 44 
* 92
+1 12
+5 4
+15 4
-73 20
+2 8
+2 20
cfi=(21)
cfn=(66)
calls=2 82 
* 12
* 4
-30 2
-1 10
cfi=(21)
cfn=(104)
calls=2 82 
* 10
* 2
1313 2
-77 2
+77 4
+9 2
fi=(3)
113 2
fe=(19)
1322 2
fi=(3)
113 2
+6 2
-2 2
+2 4
+7 2
+5 2
+3 2
-7 36
+10 8
-18 24
+8 31
+10 31
-18 93
+18 2
-18 6
+2 82
+5 40
+2 8
+16 6
+20 7
+1 8
+1 8
+1 8
+2 8
+5 8
+1 7
+1 8
+6 6
+5 4
+7 4
+1 6
+16 6
+5 1
+2 1
-2 2
+2 1
+2 2
+2 2
+3 6
+2 2
+2 2
+3 4
fe=(19)
1328 8
+16 6
+19 4
+2 10
+55 6
+1 2
+3 2
cfi=(20)
cfn=(110)
calls=1 82 
* 5
* 2
cfi=(20)
cfn=(110)
calls=1 82 
* 5
* 4
+8 4
+3 6
+2 2
-2 2
+2 2
+16 4
cfi=(6)
cfn=(10)
calls=2 858 
* 58
+4 4
+19 6
+8 2
-8 2
+3 4
+1 4
+4 2
+6 6
cfi=(12)
cfn=(44)
calls=2 33 
* 84
+4 6
+20 18
-56 4
fi=(3)
131 8
+3 8
+1 2
+1 6
fe=(19)
1252 6
+1 2
+1 1
-1 2
+1 4
-1 2
+3 4
+42 8
cfi=(21)
cfn=(66)
calls=1 82 
* 6
+3 2

fn=(88)
1965 30
+7 3
-7 9
+7 3
+1 6
+3 18
+12 12
-12 18
+5 21
+1 14
+2 21
cfi=(26)
cfn=(90)
calls=7 301 
* 499
* 14
2252 27
2008 2
-1 4
+9 6
+26 4
-2 2
+2 2
cfi=(22)
cfn=(68)
calls=2 26 
* 62
* 4
2183 5
cfn=(92) expand_dynamic_string_token
calls=1 314 
* 227
+1 1
-3 1
+4 1
-1 1
+4 9
cfn=(94)
calls=1 1562 
* 216
+3 1
-3 1
+3 1
+12 6
+2 4
+45 2
-1 2
+1 16
-1 2
+1 6
cfn=(100)
calls=2 824 
* 2952
* 4
2007 4
+39 2
cfi=(9)
cfn=(18)
calls=1 29 
* 32
* 1
+2 1
-2 1
+2 1
+7 4
+35 3
+1 15
cfn=(116)
calls=1 1816 
* 755
* 1
+6 2
+78 2
-70 4
+5 2
cfi=(31)
cfn=(120) _dl_load_cache_lookup
calls=1 183 
* 1528
+2 1
-2 1
+2 1
+4 3
+7 2
+27 9
cfn=(94)
calls=1 1562 
* 241
+3 1
-3 1
+3 1
161 37
+1 2
cfi=(14)
cfn=(36)
calls=1 -67 
* 28
+2 2
+3 4
cfi=(15)
cfn=(42)
calls=1 56 
* 71
2156 1
-1 1
+1 1
-59 2
599 3
2064 1
-5 2
+5 1
+3 2
-3 2
+3 4
-3 3
599 3
2079 4
+1 7
599 3
1989 18
+3 2
+2 2
-1 4
+1 4
cfi=(16)
cfn=(50)
calls=2 135 
* 21
* 4

fn=(92)
314 7
+10 3
cfi=(22)
cfn=(68)
calls=1 26 
* 43
* 2
161 2
cfi=(9)
cfn=(18)
calls=1 29 
* 81
* 1
+1 2
cfi=(14)
cfn=(36)
calls=1 -67 
* 28
+2 2
+3 2
339 3
167 1
339 2
167 1
cfi=(15)
cfn=(42)
calls=1 56 
* 47

fn=(70)
384 3
+2 1
-2 11
+4 3
cfi=(14)
cfn=(72)
calls=1 -68 
* 240
* 3
cfi=(14)
cfn=(72)
calls=1 -68 
* 8
* 6
+3 2
cfi=(9)
cfn=(18)
calls=1 29 
* 44
+4 1
-4 1
+4 1
+7 4
+5 2
+3 3
+29 17
+1 8
+18 3
+4 3
+1 1
-1 3
cfi=(14)
cfn=(36)
calls=1 95 
* 28
+2 1
-2 1
+2 3
+5 1
+1 2
-2 1
+2 2
cfi=(15)
cfn=(64)
calls=1 56 
* 31
* 1
+4 2
-3 1
+9 1
-6 1
+5 1
-5 1
+5 3
+1 2
-98 6
+98 4
-98 2
+99 1
-1 3
+1 1
-1 12
+1 2
-1 6
+4 1
-1 2
+1 1
+7 1
+1 1
+3 3
+5 1
+3 9
-14 2

fn=(94)
1562 72
+36 6
-36 12
+36 22
+21 30
cfi=(20)
cfn=(96)
calls=6 82 
* 54
+1 6
-1 6
+1 6
+11 6
-1 2
+1 8
cfi=(20)
cfn=(98)
calls=2 82 
* 10
* 4
+7 6
-7 2
+7 2
+16 26
+2 2
-2 4
+4 6
-4 18
+60 4
+5 4
+2 6
+6 4
+7 2
+1 2
+1 2
-2 8
+1 6
+16 8
+15 4
-15 96
+1 36
+4 10
+1 6
+13 2
+1 2
-1 2
+1 2
-1 2
+1 2
-2 2
+4 6
+5 1
+1 1
-13 39
+16 2
+6 1
-3 1
+1 1
+1 1
+1 2
+1 3
-4 1
+1 1
+1 1
-1 3
-1 1
+4 2
+13 54
-56 2

fl=(51)
fn=(238)
30 14
+2 14
+1 14
+1 14
+1 14
+1 14
+1 14
+1 14
+1 14
+1 14
+1 14
cfi=(52) /build/buildd/eglibc-2.13/elf/../elf/dl-runtime.c
cfn=(240) _dl_fixup
calls=14 +32 
* 11244
+1 14
+1 14
+1 14
+1 14
+1 14
+1 14
+1 14
+1 14
+1 14
+2 14

fl=(31)
fn=(124) _dl_cache_libcmp
170 36
-29 24
+2 36
+20 36
+2 24
+4 12
+1 24
cfn=(125) _dl_cache_libcmp'2
calls=12 * 
* 858

fn=(125)
170 153
-29 106
+2 153
+2 6
+6 4
+1 2
-1 2
+2 2
-1 4
+1 6
+2 8
+2 4
+6 147
+2 98
+4 39
+1 78
cfn=(125)
calls=39 * 
* 1865
+3 6
-7 40

fn=(120)
183 8
+8 2
+3 3
+45 2
+6 3
+15 2
-6 1
+6 1
cfi=(20)
cfn=(62)
calls=1 82 
* 11
+5 2
+14 1
-19 1
+5 2
+14 1
-15 1
+15 3
-25 1
+25 3
-25 1
+25 175
cfn=(124)
calls=10 170 
* 809
* 49
+21 9
197 4
cfi=(26)
cfn=(122) _dl_sysdep_read_whole_file
calls=1 44 
* 68
+8 5
+1 16
+7 1
-3 2
+3 3
+3 1
+1 2
-1 1
+1 1
+19 2
-18 24
+61 12
-97 1
+97 14
cfn=(124)
calls=2 170 
* 241
* 32
+16 4
-16 3

fn=(172)
309 1
+1 4
+2 2
cfi=(21)
cfn=(174) munmap
calls=1 82 
* 5
+1 1
+2 2

fl=(32)
fn=(126)
54 1
+3 3
+48 2
+4 2

fn=(166)
820 1
+9 1
-9 3
+6 2
+8 3
+42 1
-1 2
+1 1
-1 1
+1 1
+1 4

fn=(168)
380 7
+1 1
-1 1
+1 1
+4 1
+8 1
-5 1
+5 1
-6 1
-2 1
+8 3
+5 6
+6 3
-25 5
+47 2
+1 4
+2 2
+1 2
+8 3
+1 1
+1 1
-2 1
+2 2
cfi=(15)
cfn=(64)
calls=1 56 
* 23
* 5
cfi=(28)
cfn=(106)
calls=1 44 
* 32
* 3
-42 3
+6 4
+3 1
+1 2
+6 3
+3 1
-1 2
+38 2
+3 9

fn=(140)
116 7
+6 3
+3 2
+36 3
+2 9
+3 1
-1 1
+5 2
-4 1
-1 1
+17 1
-17 1
+3 2
+2 1
+12 1
-12 2
+16 5
+2 1
+1 1
-1 2
+10 1
-37 2
+25 1
-25 7
+40 1
+1 1
+51 1
+1 8

fn=(142)
332 1
+13 1
-13 2
+2 1
+11 2
cfi=(14)
cfn=(40) __libc_memalign
calls=1 53 
* 50
+1 1
-1 1
+1 1
+7 1
+4 307
-58 1
+1 1
-1 1
+1 2
cfi=(14)
cfn=(32)
calls=1 111 
* 37
+1 2
+3 1
+6 2
+64 5

fl=(1) ???
fn=(0) 0x0000000000000af0
0 2
cfi=(2)
cfn=(2)
calls=1 366 
0 92293
0 14
cfi=(38)
cfn=(178)
calls=1 93 
0 3382
0 3
cob=(5) /usr/bin/time
cfi=(50) ???
cfn=(230) 0x0000000000400c70
calls=1 0 
0 50368

fl=(15)
fn=(64)
56 15
+4 15
+3 14
+1 14
+2 5
+1 5
+2 5
+1 5
+5 5
+1 5
-1 9
+1 9
+2 10
+1 10
+2 10
+1 10
+5 10
+1 10
-1 4
+1 4
+2 5
+1 5
+2 5
+1 5
+5 5
+1 5
-1 9
+1 9
+2 7
+1 7
+2 7
+1 14
+5 7
+1 7
-1 7
+1 9
+5 2
+1 2
+1 2
+1 2
+2 2
+2 2
+1 2
+2 2
+6 14
+4 14
+12 2
+2 2
+1 2
+26 2
+1 2
+3 2
+1 2
+1 2
+5 2
+2 2
+1 2
+1 2
+1 2
+2 2
+1 2
+1 2
+1 2
+2 2
+1 2
+2 2
+22 2
+2 2
+2 1
+7 1

fn=(42)
56 16
+2 16
+2 16
+3 15
+1 15
+2 2
+1 2
+2 2
+1 2
+5 2
+1 2
-1 13
+1 13
+2 2
+1 2
+2 2
+1 4
+5 2
+1 2
-1 13
+1 13
+2 3
+1 3
+2 3
+1 3
+5 3
+1 3
-1 12
+1 12
+2 8
+1 8
+2 8
+1 8
+5 8
+1 8
-1 7
+1 13
+5 6
+1 6
+1 6
+1 6
+2 6
+2 6
+1 6
+2 6
+8 15
+8 5
+6 5
+2 5
+1 5
+3 1
+1 2
+5 1
+1 1
+2 1
+2 1
+1 1
+2 1
-8 3
+1 3
+2 3
+2 3
+1 3
+2 4
+9 1
+1 1
-1 4
+1 4
+3 5
+1 5
+1 5
+5 4
+2 4
+1 4
+1 4
+1 4
+2 4
+1 4
+1 4
+1 4
+2 4
+1 4
+2 4
+22 5
+6 5
+1 5
+2 1

fl=(14)
fn=(36)
95 20
+1 40
cfn=(40)
calls=20 -43 
* 556

fn=(32)
111 8
-3 8
+3 16
-3 8
+3 16
+4 16
cfn=(36)
calls=8 -20 
* 255

fn=(72)
320 4
+3 8
+2 4
+1 8
+4 16
+5 4
-5 118
+5 240
+2 366
+8 61
-15 185
+18 2
+4 8

fn=(40)
53 84
+1 83
+11 20
+1 20
-1 20
+3 20
-3 20
+3 40
-3 1
+1 1
-1 1
+3 1
-3 1
+3 74
+4 12
+1 6
+6 21
cfi=(21)
cfn=(66)
calls=3 +3 
* 18
* 3
+3 3
-1 6
+3 6
+1 6
-1 3
+1 3
+3 3
+1 3
+2 12
-3 18
+1 18
+2 72
-31 3
+1 1
-2 3

fl=(30)
fn=(118)
37 4
-1 4
+1 4
+1 24
+4 1
-4 12

fl=(29)
fn=(114) openaux
62 4
+7 2
-4 6
+2 2
-2 2
+2 2
-2 10
cfi=(19)
cfn=(88)
calls=2 1965 
* 4925
* 2
+5 4

fn=(112)
149 1
+1 1
-1 2
+1 1
-1 2
+1 1
-1 1
+1 2
-1 4
+1 1
-1 1
+1 2
+16 1
-16 1
+14 1
+1 1
+1 1
+6 3
+10 1
-10 1
-4 1
+14 1
-36 1
+22 2
-22 1
+20 1
-2 1
+19 1
-17 1
+6 1
-6 1
-2 1
+2 1
-2 1
+1 1
+1 1
+6 3
+10 1
-10 1
+10 3
+4 1
+17 1
+1 1
-18 5
+15 1
+3 1
-3 1
+7 1
+1 1
-1 1
+5 1
+4 2
-9 3
+1 3
-1 3
+5 3
+4 6
+5 8
+2 2
+11 2
-4 2
+1 2
-2 2
-6 2
+7 2
+1 2
-8 2
+5 2
+6 14
+50 4
+1 3
-51 176
+1 88
+6 10
cfi=(22)
cfn=(68)
calls=2 26 
* 68
* 6
+5 10
-3 2
+3 2
cfi=(24)
cfn=(80)
calls=2 -87 
* 5073
+2 6
+15 2
+2 4
+5 2
+6 2
+2 2
-8 4
+5 2
-2 2
+1 2
+2 2
+4 12
-59 8
-12 2
466 8
+2 6
+3 6
cfi=(14)
cfn=(36)
calls=2 95 
* 56
+1 2
-1 2
+1 2
+4 8
-1 2
+2 2
-1 4
cfi=(15)
cfn=(42)
calls=2 56 
* 41
+1 8
cfi=(15)
cfn=(42)
calls=2 56 
* 41
+3 2
+4 20
+2 4
+1 23
218 23
+1 14
-17 1
491 4
+3 2
+5 5
+11 4
cfi=(14)
cfn=(36)
calls=1 95 
* 28
+2 1
-2 1
+2 1
+5 2
+1 1
-1 1
+1 1
-1 1
+1 1
-1 1
+1 4
+8 4
+4 2
-10 3
+6 12
+4 6
-10 10
+13 2
+51 6
+2 4
209 2
639 1
-27 1
+27 3
-6 1
+7 1
-6 1
-1 1
+1 1
+6 1
-7 2
+7 2
-6 2
-1 2
+1 2
+6 4
+2 8
+1 4
-1 4
+1 4
+3 6
-1 9
+21 3
-26 6
+29 11
+3 14
cfi=(28)
cfn=(106)
calls=2 44 
* 22
* 4
-60 6
+16 1
+1 2
-1 5
+1 3
cfi=(28)
cfn=(106)
calls=1 44 
* 17
+1 3
+48 2
+10 1
-8 2
+8 1
+2 8
492 3
288 168
621 7
cfi=(15)
cfn=(42)
calls=1 56 
* 28
+5 2

fl=(33)
fn=(134) _dl_check_map_versions
180 36
+15 4
-15 8
+15 8
+2 4
+3 4
-3 4
+2 4
+1 4
+2 4
-3 4
+3 4
+3 6
+4 2
-4 2
+4 10
+17 2
62 2
226 4
62 16
+1 5
-1 10
+2 21
cfi=(26)
cfn=(90)
calls=7 301 
* 517
* 14
230 4
+4 6
+5 8
+20 4
-16 50
cfn=(136) match_symbol
calls=2 82 
* 327
* 6
cfn=(136)
calls=2 82 
* 318
* 4
+8 8
-8 8
+11 12
+9 8
-74 2
-8 2
+96 8
+3 8
+10 42
-7 42
-3 42
+6 63
-3 4
-3 4
+6 6
+8 8
+87 36
-81 12
cfi=(14)
cfn=(32)
calls=3 111 
* 136
+1 3
-2 3
+2 3
+11 3
+2 3
-5 3
+3 6
+2 3
+3 10
+4 6
+18 4
-15 6
+2 6
-2 6
+2 6
+2 4
+1 4
-1 12
+1 4
+1 4
-2 4
+2 8
+1 12
+3 12
+8 6
+10 6
+3 10
+20 42
-14 21
-2 21
+2 23
-2 2
+2 2
+4 21
-6 21
+7 21
+1 21
-1 42
+1 21
-1 42
+1 21
+1 21
+3 71

fn=(136)
82 40
+9 4
-8 4
-1 12
+1 4
+8 4
+6 12
+15 4
+1 8
+2 4
+5 8
+14 34
+12 39
+4 26
-30 26
+16 4
+3 20
cfi=(16)
cfn=(50)
calls=4 -4 
* 344
* 12
+3 4
+32 32

fn=(132)
387 5
+2 1
-2 2
+4 4
+1 12
+1 16
cfn=(134)
calls=4 180 
* 2447
-2 4
+1 16
-1 8
+5 7

fl=(7)
fn=(12)
89 8
+25 1
-1 1
+1 156
+6 1
-3 1
-26 1
-1 1
+28 1
-4 1
+3 1
+3 7
+1 1
-1 5
+1 105
+3 2
-4 49
fi=(17)
-84 2
cfi=(8) /build/buildd/eglibc-2.13/elf/../sysdeps/unix/sysv/linux/x86_64/brk.c
cfn=(14) brk
calls=1 -7 
* 11
fi=(5)
226 5
fe=(7)
+3 2
cfi=(10) /build/buildd/eglibc-2.13/elf/../misc/sbrk.c
cfn=(20) sbrk
calls=1 35 
* 17
* 3
+12 3
+3 5
cfi=(2)
cfn=(22)
calls=1 889 
* 91019
+2 9
-67 1
-59 4
+34 1
-34 4
+43 1
-43 4
+40 1
-40 4
+37 1
-37 5
+13 1
-13 4
+10 1
-10 4
+7 1
-7 4
227 1
cfi=(9)
cfn=(18)
calls=1 29 
* 42
* 2

fn=(170)
252 1

fn=(60)
354 6
+3 1
-3 2
+3 1
-1 1
+1 1
+9 1
-12 4
+12 1
+10 1
-2 1
+1 1
+1 2
+44 4
cfi=(20)
cfn=(62)
calls=1 82 
* 11
* 3
-2 1
+17 1
-17 1
+18 1
-1 5
+3 2
+27 2
+8 2
+2 2
+1 1
-1 1
+2 1
-2 2
+1 1
+4 1
+2 1
-2 2
+4 1
-4 2
+1 1
+3 1
+3 2
+4 4
+1 2
+18 9
+1 1
-1 2
+1 3
cfi=(14)
cfn=(36)
calls=1 95 
* 28
+1 1
-1 2
+1 1
+7 2
+25 1
-3 3
+3 1
+28 7
352 1
572 1
352 1
572 1
+1 1
-1 1
352 3
572 3
352 3
572 3
+1 3
-1 3
+10 1
352 1
577 2
+5 1
352 2
577 3
+3 1
-3 1
+3 1
-3 3
+3 1
-3 1
+3 7
+2 16
-2 4
+1 12
-1 2
+1 12
-1 10
+4 4
+3 1
+2 2
-1 1
-1 2
+2 4
+13 3
-13 1
+13 5
+1 1
+2 2
-3 3
+1 1
+2 2
+3 4
+3 8
-65 3
cfi=(15)
cfn=(64)
calls=1 56 
* 22
* 1
+1 1
-1 1
+1 2
cfi=(15)
cfn=(64)
calls=1 56 
* 22
* 5

fl=(24)
fn=(80)
160 21
+9 3
+2 3
cfi=(2)
cfn=(82)
calls=3 797 
* 6
* 3
+1 3
+2 6
-2 3
+2 3
cfi=(25)
cfn=(84)
calls=3 26 
* 57
+1 3
-1 3
+1 3
+2 6
+1 3
-1 3
+1 3
cfi=(29)
cfn=(114)
calls=2 62 
* 4959
cfi=(2)
cfn=(86)
calls=1 629 
* 2184
+1 9
+1 3
+1 3
-1 3
+2 3
-1 3
+1 3
+10 12

fn=(128)
198 10
+1 1
cfi=(2)
cfn=(82)
calls=1 797 
* 2
+5 1
-1 1
-4 1
+8 1
+3 1
-2 1
+2 1
cfi=(2)
cfn=(130)
calls=1 661 
* 2532
+2 1
+1 1
+1 8

fl=(52)
fn=(240)
73 14
+6 28
-6 14
+6 14
-6 42
+6 14
-4 14
+1 14
+5 14
-2 14
+1 14
-4 14
+4 14
+1 14
-1 28
+6 14
-6 42
+6 14
+4 42
+4 14
-2 14
+2 28
+4 26
+1 52
+2 39
+7 42
-1 14
+8 28
+3 140
cfi=(6)
cfn=(154)
calls=14 713 
* 10049
* 14
+4 42
+4 56
+6 98
+8 14
+8 56
+4 42
fi=(5)
+84 14
fe=(52)
-80 84

fl=(21)
fn=(66)
82 45
+1 9

fn=(174)
82 4
+1 1

fn=(104)
82 24
+1 6

fl=(87) /build/buildd/eglibc-2.13/elf/dl-fini.c
fn=(576) _dl_fini
120 6
+19 1
-19 2
+13 1
-1 1
+10 4
-23 4
+26 2
cfi=(2)
cfn=(46)
calls=1 837 
* 2
+3 1
+3 2
+2 6
+11 4
+2 2
+3 8
+11 5
+2 8
+2 8
+2 12
+1 4
+1 4
+4 4
-12 12
+14 2
+4 2
+2 5
cfn=(578) _dl_sort_fini
calls=1 35 
* 194
+9 2
cfi=(2)
cfn=(48)
calls=1 843 
* 2
+4 4
+2 2
+2 3
-2 6
+2 9
+3 8
+3 12
+4 2
+7 6
+4 4
+1 1
+1 1
-1 1
+2 4
+1 4
cob=(3)
cfi=(46) /build/buildd/eglibc-2.13/elf/soinit.c
cfn=(614) __libc_fini
calls=1 20 
* 6
-1 4
+5 9
+1 6
cob=(2)
cfi=(13)
cfn=(590) 0x0000000004a23738
calls=1 0 
* 815
cob=(2)
cfi=(13)
cfn=(580) 0x0000000000401e38
calls=1 0 
* 22
+5 20
-39 4
+55 4
-55 12
-71 3
273 4
-49 6
+3 4
+52 2
+7 8

fn=(578)
35 9
+3 1
-3 2
+3 2
+1 3
+1 1
+1 1
-1 1
+1 2
-1 3
+1 3
cfi=(28)
cfn=(106)
calls=1 +3 
* 17
+15 5
+51 4
+3 12
cfi=(28)
cfn=(106)
calls=2 -66 
* 22
* 2
-64 2
-1 2
+1 2
+4 6
-4 1
-1 1
+1 1
+4 9
+6 3
+1 8
+2 8
+1 4
-1 4
+1 4
+3 6
-1 9
+30 9
+11 3
-46 6
+50 8
+7 8

fl=(28)
fn=(106)
44 9
+1 9
+1 9
+1 2
+1 2
+2 7
+1 7
+1 7
+1 7
+2 7
+1 7
+2 6
+5 6
+1 6
+1 6
+1 6
+1 6
+4 1
324 1
+1 1
+1 1
+1 1
+1 1
+1 1
+1 1
+1 1
+1 1
+1 1
+1 1
+1 1
+1 1
+1 1
+1 1
+1 1
+1 1
-2 1
+1 1
+1 1
+25 2
+1 2
+50 2
+1 2
+87 1
+1 1
+1 1
+1 1
+1 1
+1 1
+1 1
+5 1
+1 1
+1 1
+1 1
+1 1
1215 1
+1 2
+4 1
+1 1
+1 2
+5 1
+2 1
+1 1
+1 1
+1 1
+1 1
+1 1
+1 1
+1 1
+1 1
+1 1
+1 1
+1 1
+1 1
+1 1
+1 1
+1 1
+2 1
+2 1
-21 1
+2 1
+1 1
+1 1
+1 1
+1 1
+1 1
+1 1
+1 1
+1 1
+1 1
+1 1
+1 1
+1 1
+1 1
+1 1
+1 1
+2 1
+2 1
+3 1
+1 1
+6 1
+1 1
+1 1
+1 1
+1 1

fl=(27)
fn=(102)
37 3
-1 3
+1 3
+1 18
+4 3

fl=(17)
fn=(54)
67 5
+2 3
+85 7
-45 2
cfi=(18)
cfn=(56)
calls=1 -27 
* 5
* 2
+15 1
+5 1
-1 1
+3 12
+2 3
+2 3
-2 6
+2 10
+2 1
+1 3
-3 4
+7 3
-1 3
+2 3
+2 14
+5 2

fl=(26)
fn=(90)
301 280
+1 112
cfi=(16)
cfn=(50)
calls=56 135 
* 399
* 56
+1 56
-1 112
+3 56
+8 56
-6 112
+4 57
-4 114
+1 180
cfi=(16)
cfn=(50)
calls=60 135 
* 818
* 120
+1 3
+5 65
-1 53
+1 159

fn=(122)
44 2
+3 1
-3 4
+3 1
-3 1
+3 1
cfi=(20)
cfn=(96)
calls=1 +35 
* 5
+1 1
-1 1
-2 1
+3 1
+2 4
cfi=(27)
cfn=(102)
calls=1 -13 
* 10
* 2
+2 1
+3 1
-3 1
+3 1
+13 2
cfi=(20)
cfn=(110)
calls=1 +14 
* 5
+3 7
-14 7
cfi=(21)
cfn=(66)
calls=1 +25 
* 6
* 2

fl=(8)
fn=(14)
29 1
+3 4
+8 1
-6 1
-2 1
+2 1
+7 2

fl=(10)
fn=(20)
35 3
+8 1
-8 1
+8 5
+4 2
+11 5

ob=(2)
fl=(13)
fn=(252) 0x0000000000400ac0
0 2
cob=(5)
cfi=(50)
cfn=(254) 0x0000000000400c9c
calls=1 0 
0 6
0 1
cob=(5)
cfi=(50)
cfn=(260) 0x0000000000400d30
calls=1 0 
0 6
0 1
cob=(5)
cfi=(50)
cfn=(266) 0x0000000000401e00
calls=1 0 
0 11
0 2

fn=(580)
0 2
cob=(5)
cfi=(50)
cfn=(582) 0x0000000000400cc0
calls=1 0 
0 18
0 2

fn=(182)
0 2
cob=(4)
cfi=(39)
cfn=(184)
calls=1 0 
0 6
0 1
cob=(4)
cfi=(39)
cfn=(190)
calls=1 0 
0 6
0 1
cob=(4)
cfi=(39)
cfn=(196)
calls=1 0 
0 11
0 2

fn=(590)
0 2
cob=(4)
cfi=(39)
cfn=(592)
calls=1 0 
0 811
0 2

ob=(3)
fl=(40)
fn=(202)
52 7
+6 3
+17 1
-2 1
fi=(41) /build/buildd/eglibc-2.13/csu/../sysdeps/generic/dl-hash.h
-26 1
fe=(40)
+27 1
fi=(42) /build/buildd/eglibc-2.13/csu/../sysdeps/unix/sysv/linux/x86_64/init-first.c
-41 2
fe=(40)
+42 1
fi=(42)
-42 2
fi=(41)
+13 2
+4 4
-3 1
+4 2
+13 1
+1 2
-18 2
+3 12
-3 3
+4 6
+13 3
+1 6
-18 6
fi=(42)
-14 2
+2 2
-2 1
+2 1
cfi=(43) /build/buildd/eglibc-2.13/elf/../sysdeps/unix/sysv/linux/dl-vdso.c
cfn=(208) _dl_vdso_vsym
calls=1 -8 
* 11
+8 1
-4 1
+4 1
-4 2
+1 2
+1 1
+2 1
cfi=(43)
cfn=(208)
calls=1 -16 
* 11
fe=(40)
+46 3
fi=(42)
-45 2
+1 1
fe=(40)
+44 1
cfi=(44) /build/buildd/eglibc-2.13/misc/init-misc.c
cfn=(210) __init_misc
calls=1 -58 
* 57
+8 1
cfi=(46)
cfn=(214) __libc_global_ctors
calls=1 -77 
* 2922
+2 5
-32 1
-9 1
+9 4

fl=(71) /build/buildd/eglibc-2.13/posix/../sysdeps/unix/syscall-template.S
fn=(370) wait4
82 5
+1 1

fl=(49) /build/buildd/eglibc-2.13/elf/dl-altinit.c
fn=(226) dlinit_alt
33 3
+1 1

fl=(69) /build/buildd/eglibc-2.13/signal/../sysdeps/unix/sysv/linux/x86_64/sigaction.c
fn=(354) __libc_sigaction
50 4
+4 4
-4 4
+4 4
+2 8
+1 128
+1 16
+2 8
+7 56
+1 16
+2 8
+1 128
+1 8
+1 8
+3 8

fl=(59) /build/buildd/eglibc-2.13/string/../sysdeps/x86_64/multiarch/../strlen.S
fn=(290) __GI_strlen
26 2
+1 2
+1 2
+1 2
+1 2
+1 2
+1 1
+1 1
+1 1
+1 1
+1 1
+5 1
+1 1
+1 1
+1 1
+1 1
+1 1
+1 1
+1 1
+1 1
+2 1
+1 1
+1 1
+1 2
+3 1
+1 1
+1 1
+1 1
+20 1
+1 1
+1 1
+3 1
+1 1
+1 1
+1 1

fl=(85) /build/buildd/eglibc-2.13/libio/iofflush.c
fn=(556) fflush
36 1
-1 2
+1 1
+6 15
+1 3
cfi=(77) /build/buildd/eglibc-2.13/libio/fileops.c
cfn=(558) _IO_file_sync@@GLIBC_2.2.5
calls=1 899 
* 13
* 1
fi=(82) /build/buildd/eglibc-2.13/libio/libioP.h
984 1
fe=(85)
43 2
fi=(82)
984 2
+1 11
fe=(85)
47 3

fl=(57) /build/buildd/eglibc-2.13/setjmp/sigjmp.c
fn=(280) __sigjmp_save
30 2
-1 2
+1 2
+5 3

fl=(62) /build/buildd/eglibc-2.13/time/../sysdeps/unix/sysv/linux/x86_64/gettimeofday.S
fn=(322) gettimeofday
29 2
+3 2
+1 4
+4 2
cob=(6)
cfi=(63)
cfn=(324)
calls=2 155 
* 6
+2 2
+1 2
+3 2
+2 2

fl=(45) /build/buildd/eglibc-2.13/string/../sysdeps/x86_64/multiarch/../strrchr.S
fn=(212) __GI_strrchr
26 1
+1 1
+1 1
+1 1
+1 1
+1 1
+1 1
+1 1
+1 1
+1 1
+1 1
+1 1
+1 1
+1 1
+1 1
+1 1
+1 1
+1 1
+1 1
+1 1
+1 1
+1 1
+1 1
+13 1
+1 1
+1 1
+1 1
+7 1
+1 1
+1 1
+1 1
+1 1
+2 1

fl=(73) /build/buildd/eglibc-2.13/stdio-common/vfprintf.c
fn=(418) buffered_vfprintf
2227 72
+8 36
+10 12
-6 12
+7 12
+2 12
+5 12
-8 36
+10 12
-10 24
+10 12
+1 24
+4 12
cfn=(417) vfprintf'2
calls=12 210 
* 7349
+6 12
-6 12
+6 60
+1 96
+12 60
+2 48
cfi=(77)
cfn=(428) _IO_file_xsputn@@GLIBC_2.2.5
calls=12 1296 
* 2159
+1 36
+5 108
+1 24
-53 24
+56 84

fn=(416) vfprintf
210 120
+35 12
-35 12
+35 24
1288 37
+4 60
+11 24
-15 22
2006 96
1306 48
cfn=(418)
calls=12 2227 
* 10360
* 24

fn=(417)
210 120
+35 12
-35 12
+35 24
1288 36
+4 60
+11 24
+11 12
fi=(76) /build/buildd/eglibc-2.13/stdio-common/printf-parse.h
99 24
fe=(73)
1314 60
fi=(76)
99 12
cfi=(74) /build/buildd/eglibc-2.13/string/../sysdeps/x86_64/strchrnul.S
cfn=(420) strchrnul
calls=12 -72 
* 276
fe=(73)
1329 12
fi=(76)
99 12
fe=(73)
1329 24
+4 108
cfi=(65) /build/buildd/eglibc-2.13/libio/genops.c
cfn=(422) _IO_default_xsputn
calls=12 452 
* 192
* 36
2002 36
+1 36
1288 24
2006 96
1333 36
+4 12
-4 12
+4 24
+4 96
249 12
1318 12
-8 12
215 24
1389 289
-3 17
-1 17
-17 17
+1 17
+1 17
+16 17
-15 17
+1 17
+1 17
+1 17
+1 17
+1 17
+1 17
+1 17
+3 17
+1 17
+7 17
+26 16
+1 12
-1 4
+1 60
-27 4
1592 272
-1 16
+1 16
1389 16
fi=(76)
75 16
+2 24
fe=(73)
1501 12
+7 4
-9 4
+9 4
+18 8
+3 56
1389 4
1638 34
+8 17
fi=(76)
99 17
fe=(73)
1646 17
fi=(76)
99 17
fe=(73)
1646 17
fi=(76)
99 17
cfi=(74)
cfn=(420)
calls=17 -72 
* 391
fe=(73)
1650 68
fi=(76)
99 17
fe=(73)
1650 119
cfi=(65)
cfn=(422)
calls=17 452 
* 412
* 170
-14 17
+14 17
+2 46
-33 784
cfi=(83) /build/buildd/eglibc-2.13/libio/iopadn.c
cfn=(478) _IO_padn
calls=2 41 
* 164
* 176
cfi=(65)
cfn=(422)
calls=16 452 
* 888
* 400
cfi=(75) /build/buildd/eglibc-2.13/stdio-common/_itoa.c
cfn=(424) _itoa_word
calls=16 179 
* 496
* 434

fl=(36)
fn=(164)
124 1
+1 1
+3 1
+1 1
+1 1
+5 1

fn=(160)
106 1
+1 1
+1 1
cfi=(37) /build/buildd/eglibc-2.13/csu/../sysdeps/x86_64/multiarch/init-arch.c
cfn=(162) __init_cpu_features
calls=1 -55 
* 50
+2 1
+1 1
+1 1
+5 1

fl=(55) /build/buildd/eglibc-2.13/setjmp/../sysdeps/x86_64/bsd-_setjmp.S
fn=(276) _setjmp
34 1
+2 1
cfi=(56) /build/buildd/eglibc-2.13/setjmp/../sysdeps/x86_64/setjmp.S
cfn=(278) __sigsetjmp
calls=1 -10 
* 27

fl=(44)
fn=(210)
31 3
+1 1
-1 1
+1 4
+2 3
cfi=(45)
cfn=(212)
calls=1 -8 
* 33
+1 2
+4 3
+2 4
-5 3

fl=(78) /build/buildd/eglibc-2.13/io/../sysdeps/unix/syscall-template.S
fn=(442) write
82 224
cfn=(444) __write_nocancel
calls=112 * 
* 560

fn=(444)
82 560

fl=(64) /build/buildd/eglibc-2.13/posix/../nptl/sysdeps/unix/sysv/linux/x86_64/../fork.c
fn=(332) fork
54 7
+11 3
+52 1
cfi=(65)
cfn=(334) _IO_list_lock
calls=1 1299 
* 12
+3 1
+6 1
+1 3
+3 9
+7 1
-7 1
+7 1
+79 8
-23 3
+3 1
+3 1
cfi=(65)
cfn=(336) _IO_list_unlock
calls=1 1308 
* 11
+3 2
60 2

fl=(54) /build/buildd/eglibc-2.13/stdlib/cxa_atexit.c
fn=(246) __cxa_atexit
57 2
-22 1
+22 5
-22 1
cfn=(248) __new_exitfn
calls=1 +38 
* 42
+2 1
+1 1
-1 1
+4 2
+3 1
-1 1
+2 1
+3 1
-1 1
+12 6

fn=(248)
73 1
+6 2
-6 3
+6 4
+2 6
+2 3
-2 1
+10 1
-10 2
+45 1
+1 1
+3 4
+3 5
-35 2
+14 1
+1 2
-32 1
+13 2

fl=(68) /build/buildd/eglibc-2.13/signal/../nptl/sigaction.c
fn=(352) sigaction
38 12
+6 4
cfi=(69)
cfn=(354)
calls=4 +6 
* 408

fl=(83)
fn=(478)
41 2
+8 2
-8 10
+7 4
+2 2
+1 2
-1 2
+8 4
-13 4
+21 4
+2 10
cfi=(65)
cfn=(422)
calls=2 452 
* 102
+4 2
-3 2
+3 12

fl=(43)
fn=(208)
27 2
+2 2
-2 2
+1 4
+4 4
+18 8

fl=(89) /build/buildd/eglibc-2.13/nptl/../nptl/sysdeps/unix/sysv/linux/unregister-atfork.c
fn=(606) __unregister_atfork
37 1
-8 3
+11 2
+82 2

fl=(81) /build/buildd/eglibc-2.13/libio/putc.c
fn=(470) putc
29 100
+3 100
-3 200
+3 1400
+1 300
fi=(82)
984 300
+1 1100
fe=(81)
36 300
-3 300
cfi=(65)
cfn=(472) __overflow
calls=100 246 
* 14300
* 200

fl=(46)
fn=(214)
20 1
+7 1
-7 5
+1 1
cfi=(47) /build/buildd/eglibc-2.13/string/../sysdeps/x86_64/multiarch/../cacheinfo.c
cfn=(216) init_cacheinfo
calls=1 552 
* 2900
-1 1
+1 1
cfi=(49)
cfn=(226)
calls=1 +12 
* 4
-1 6
+10 2

fn=(614)
20 1
+17 1
-17 2
+20 2

fl=(61) /build/buildd/eglibc-2.13/posix/getopt.c
fn=(302) _getopt_internal
1125 2
+3 3
+1 3
+2 5
cfn=(304) _getopt_internal_r
calls=1 396 
* 445
+4 1
+1 1
-1 1
+1 2
+1 3
+3 3

fn=(304)
396 3
+4 1
-4 5
+3 1
-3 6
+1 2
+2 1
+5 1
-2 1
+2 2
284 1
-4 2
+2 1
+2 1
cfi=(58) /build/buildd/eglibc-2.13/stdlib/getenv.c
cfn=(288) getenv
calls=1 36 
* 358
* 1
+4 1
-4 4
+4 3
+5 2
410 2
+5 1
+14 1
-14 2
+14 1
-14 1
+14 1
+6 4
+2 3
+3 2
+24 8
+29 2
1119 9
404 3
296 1
-1 3
495 1
+1 1
-1 2

fl=(53) /build/buildd/eglibc-2.13/csu/libc-start.c
fn=(244) (below main)
96 7
+10 1
-10 3
+10 3
+52 1
-52 1
+52 1
+1 4
cfi=(54)
cfn=(246)
calls=1 57 
* 67
+22 5
+3 2
+1 5
cob=(5)
cfi=(50)
cfn=(250) 0x0000000000401d70
calls=1 0 
* 54
+4 4
+15 2
+9 2
cfi=(55)
cfn=(276)
calls=1 34 
* 29
+1 2
+5 2
+1 2
+3 2
+3 5
cob=(5)
cfi=(50)
cfn=(282) 0x0000000000400e00
calls=1 0 
* 49190
106 2

fl=(70) /build/buildd/eglibc-2.13/posix/../sysdeps/unix/bsd/bsd4.4/wait3.c
fn=(368) wait3
34 5
cfi=(71)
cfn=(370)
calls=1 +48 
* 6

fl=(37)
fn=(162)
53 1
-8 1
+8 1
+3 1
-3 1
+3 3
+70 1
+1 1
+2 1
+1 2
-74 2
+9 1
-33 4
+6 1
+27 1
-27 1
+1 1
+26 1
-26 1
-1 1
+27 1
+4 1
-30 1
+30 1
-37 2
+37 1
+1 2
+5 1
-17 1
+17 1
+2 1
+1 7
+21 2
+1 1

fl=(66) /build/buildd/eglibc-2.13/signal/../sysdeps/posix/signal.c
fn=(348) signal
34 4
+4 4
-4 4
+4 20
+7 12
-1 4
+5 4
-4 4
+4 4
-4 68
fi=(67) /build/buildd/eglibc-2.13/signal/../sysdeps/unix/sysv/linux/bits/sigset.h
+74 8
fe=(66)
-70 4
fi=(67)
+70 12
-1 4
fe=(66)
-70 16
+1 4
cfi=(68)
cfn=(352)
calls=4 -11 
* 424
* 4
+3 12
+1 8

fl=(88)
fn=(604)
31 3
+18 1
-18 5
+4 4
+4 6
-4 3
+32 3
+4 6
-4 3
+12 2
+3 1
-2 1
+2 6
-2 1
cfi=(89)
cfn=(606)
calls=1 -43 
* 8

fl=(60) /build/buildd/eglibc-2.13/posix/getopt1.c
fn=(300) getopt_long
65 1
+1 3
cfi=(61)
cfn=(302)
calls=1 1125 
* 469
+1 2

fl=(74)
fn=(420)
27 29
+1 29
+1 29
+1 29
+1 29
+1 29
+1 29
+1 29
+1 29
+1 29
+1 29
+1 29
+1 29
+1 29
+1 29
+1 29
+1 29
+1 29
+1 29
+1 29
+12 29
+1 29
+1 29

fl=(58)
fn=(288)
36 16
+1 2
cfi=(59)
cfn=(290)
calls=2 -11 
* 42
* 2
+4 4
+1 2
-1 4
+56 16
-56 4
+3 4
+37 2
-8 2
+6 2
-1 2
+3 6
+9 196
-9 392
+15 4

fl=(77)
fn=(436) _IO_do_write@@GLIBC_2.2.5
503 224
-2 224
+2 112
+1 24
-1 100
cfn=(438) new_do_write
calls=100 +10 
* 8800
* 400
+1 200

fn=(430) _IO_file_overflow@@GLIBC_2.2.5
837 560
+1 112
-1 112
+1 224
+7 668
+35 224
+3 200
+3 100
+1 100
-1 200
+1 200
+5 100
+1 500
-45 2
+12 2
+9 4
+5 2
+2 1
+1 1
-4 1
+4 1
-6 1
+1 1
+4 1
+1 4
+1 2
+3 12
+12 36
-11 12
+11 12
-12 12
cfn=(436)
calls=12 503 
* 84
+9 100
-1 100
+1 100
-1 100
cfn=(436)
calls=100 503 
* 10000
* 200
-39 2
cfi=(65)
cfn=(432) _IO_doallocbuf
calls=1 419 
* 32
+1 6

fn=(438)
513 672
+2 112
-2 224
+2 224
+15 560
cfn=(440) _IO_file_write@@GLIBC_2.2.5
calls=112 1269 
* 4816
+1 112
-1 112
+1 224
+7 112
-4 112
+4 112
-4 336
+1 224
+3 112
-2 112
+4 784
-18 448
+9 224
+6 224

fn=(428)
1296 24
+7 12
-7 72
+6 12
-6 24
+6 12
+7 12
-12 12
+12 36
+17 60
+32 48
cfn=(430)
calls=12 837 
* 431
* 24
+7 24
+1 36
+2 36
+11 24
+3 24
+1 96
-13 48
cfn=(438)
calls=12 513 
* 1056
+1 12
+1 24

fn=(440)
1269 112
+2 112
-2 784
+2 448
+11 112
-11 224
+5 672
cfi=(78)
cfn=(442)
calls=112 82 
* 784
+1 224
+9 336
+3 672
-6 336

fn=(558)
899 1
+5 1
-5 1
+5 3
+2 1
+1 2
+17 2
+4 2

fl=(84) /build/buildd/eglibc-2.13/misc/../sysdeps/unix/sysv/linux/getpagesize.c
fn=(504) getpagesize
35 2
+1 3
+15 1

fl=(56)
fn=(278)
26 1
+2 1
+1 2
+1 1
+4 1
+1 1
+1 1
+1 1
+1 1
+2 2
+2 1
+1 1
+2 2
+2 1
+9 1
cfi=(57)
cfn=(280)
calls=1 -26 
* 9

fl=(75)
fn=(424)
179 64
+7 32
+9 368
+9 32

fl=(47)
fn=(224) intel_02_known_compare
152 85
+1 85
-1 170
+3 164
+1 85

fn=(218) handle_intel
307 2
+6 2
-6 14
+1 4
+13 2
+1 2
+2 2
-5 2
+11 4
+5 2
-5 4
+5 2
+7 10
cfn=(220) intel_check_word
calls=2 163 
* 1666
+1 4
+3 10
cfn=(220)
calls=2 163 
* 749
+1 4
+3 5
cfn=(220)
calls=1 163 
* 21
+1 2
+3 5
cfn=(220)
calls=1 163 
* 206
+1 2
+9 16
-27 2
+1 4

fn=(216)
552 4
+13 3
+7 2
767 5
574 3
cfn=(218)
calls=1 307 
* 1685
+4 2
-4 1
+4 1
cfn=(218)
calls=1 307 
* 1063
+2 1
-2 1
-1 1
+3 1
+29 1
-18 1
+18 3
+7 6
+6 2
-6 12
+6 6
+3 20
+2 1
+6 6
+7 1
-7 1
+38 2
+77 2
+2 1
+1 1
+2 1
-3 1
+5 1
-5 1
+4 3
+4 2
+2 1
+1 1
+2 1
-3 1
+5 1
-5 1
+4 4
-92 7
-1 3
-31 8
+2 2
+2 8
+2 4
+5 1
+2 2
+1 1
-1 2
+1 3
+1 1

fn=(220)
163 60
+1 12
+8 6
-2 40
+14 26
+53 26
+36 65
-1 13
+1 13
cfi=(48) /build/buildd/eglibc-2.13/stdlib/bsearch.c
cfn=(222) bsearch
calls=13 27 
* 2213
+2 26
+2 12
+14 2
+6 11
172 22
+2 13
+2 26
301 4
+1 42
-23 2
+2 4
+2 4

fl=(90) /build/buildd/eglibc-2.13/posix/../sysdeps/unix/sysv/linux/_exit.c
fn=(620) _Exit
29 2
+4 1
+2 2

fl=(80) /build/buildd/eglibc-2.13/libio/ferror.c
fn=(458) ferror
37 112
-3 112
+3 2016
+1 336
+1 1120
+2 224

fl=(72) /build/buildd/eglibc-2.13/debug/fprintf_chk.c
fn=(414) __fprintf_chk
28 120
+4 12
-4 12
+4 168
+1 24
+1 12
+2 12
+1 36
-1 60
+1 12
cfi=(73)
cfn=(416)
calls=12 210 
* 10839
+3 12
-3 12
+3 12
+1 24
fi=(79) /build/buildd/eglibc-2.13/debug/../libio/libioP.h
993 24
+1 36
+1 132
fe=(72)
45 60

fl=(48)
fn=(222)
27 13
+20 13
-20 117
+7 13
-7 13
+7 52
+8 21
-8 164
+2 85
+2 85
-2 170
+1 255
+1 170
cfi=(47)
cfn=(224)
calls=85 152 
* 589
+1 170
+2 24
+7 117
-1 20
-7 122

fl=(65)
fn=(334)
1299 11
+2 1

fn=(336)
1308 11

fn=(432)
419 1
+1 1
-1 1
+1 1
+2 5
+3 3
+1 1
-1 2
cfn=(434) _IO_setb
calls=1 -21 
* 17

fn=(472)
246 300
+2 300
cfi=(77)
cfn=(430)
calls=100 837 
* 13700

fn=(434)
404 4
+1 1
-1 1
+1 2
+4 1
-2 1
+1 1
+1 1
+3 1
+1 4

fn=(422)
452 47
+4 47
-1 47
-3 282
+3 47
-2 66
+7 88
+2 66
+3 44
+10 44
-27 22
+31 22
-31 22
+31 22
+1 136
-1 68
+2 22
-2 22
+2 22
+2 22
+2 44
+4 44
+1 282
-42 66

fn=(616) _IO_cleanup
1007 1
+3 1
-3 4
+3 1
cfn=(618) _IO_flush_all_lockp
calls=1 823 
* 93
-59 1
+59 1
-59 2
+11 2
-9 12
+2 2
-1 4
+3 3
+30 3
-36 9
+71 7

fn=(618)
823 8
+6 6
+1 2
+5 1
-11 1
+10 1
+2 2
+4 2
-1 3
-1 3
+1 3
+3 9
+10 6
+4 3
-2 3
+2 6
+7 3
-27 6
+31 2
+2 2
+4 9
-31 12

fl=(86) /build/buildd/eglibc-2.13/stdlib/exit.c
fn=(574) exit
99 4
-12 1
-45 3
+36 1
+20 2
-52 1
+52 1
-52 1
+32 1
+20 2
-52 1
+52 1
-52 1
+3 1
-1 1
+2 5
+33 1
+1 1
-1 1
+1 1
+7 6
cfi=(65)
cfn=(616)
calls=1 1007 
* 146
* 3
+2 2
cfi=(90)
cfn=(620)
calls=1 -64 
* 5
-19 1
+4 1
-4 2
+4 1
-2 2
+2 1
cob=(1)
cfi=(87)
cfn=(576)
calls=1 +42 
* 1306
* 1

ob=(5)
fl=(50)
fn=(316) 0x0000000000401c90
0 3
cob=(3)
cfi=(62)
cfn=(322)
calls=1 29 
0 12
cob=(1)
cfi=(51)
cfn=(238)
calls=1 30 
0 880

fn=(582)
0 18

fn=(282)
0 20
cob=(3)
cfi=(58)
cfn=(288)
calls=1 36 
0 344
cob=(1)
cfi=(51)
cfn=(238)
calls=1 30 
0 792
0 8
cob=(3)
cfi=(60)
cfn=(300)
calls=1 65 
0 475
cob=(1)
cfi=(51)
cfn=(238)
calls=1 30 
0 897
0 14
cfn=(316)
calls=1 0 
0 895
0 1
cob=(3)
cfi=(64)
cfn=(332)
calls=1 54 
0 68
cob=(1)
cfi=(51)
cfn=(238)
calls=1 30 
0 759
0 7
cob=(3)
cfi=(66)
cfn=(348)
calls=1 34 
0 156
cob=(1)
cfi=(51)
cfn=(238)
calls=1 30 
0 791
0 4
cob=(3)
cfi=(66)
cfn=(348)
calls=1 34 
0 156
0 4
cfn=(360) 0x0000000000401ca0
calls=1 0 
0 836
0 5
cob=(3)
cfi=(66)
cfn=(348)
calls=1 34 
0 156
0 3
cob=(3)
cfi=(66)
cfn=(348)
calls=1 34 
0 156
0 1202
cob=(3)
cfi=(81)
cfn=(470)
calls=99 29 
0 18414
cob=(1)
cfi=(51)
cfn=(238)
calls=1 30 
0 817
0 222
cob=(3)
cfi=(80)
cfn=(458)
calls=111 37 
0 3885
cob=(1)
cfi=(51)
cfn=(238)
calls=1 30 
0 784
0 225
cob=(3)
cfi=(81)
cfn=(470)
calls=1 29 
0 186
0 2
cob=(3)
cfi=(80)
cfn=(458)
calls=1 37 
0 35
0 116
cob=(3)
cfi=(72)
cfn=(414)
calls=5 28 
0 4007
0 20
cob=(3)
cfi=(72)
cfn=(414)
calls=3 28 
0 2451
0 13
cob=(3)
cfi=(72)
cfn=(414)
calls=2 28 
0 2542
cob=(1)
cfi=(51)
cfn=(238)
calls=1 30 
0 911
0 8
cfn=(496) 0x0000000000400d90
calls=1 0 
0 896
0 37
cob=(3)
cfi=(72)
cfn=(414)
calls=1 28 
0 922
0 6
cfn=(496)
calls=1 0 
0 16
0 15
cfn=(496)
calls=1 0 
0 16
0 4
cfn=(496)
calls=1 0 
0 16
0 10
cob=(3)
cfi=(85)
cfn=(556)
calls=1 36 
0 55
cob=(1)
cfi=(51)
cfn=(238)
calls=1 30 
0 798
0 37
cob=(3)
cfi=(72)
cfn=(414)
calls=1 28 
0 1697
0 3
cob=(3)
cfi=(86)
cfn=(574)
calls=1 99 
0 1508
cob=(1)
cfi=(51)
cfn=(238)
calls=1 30 
0 767

fn=(360)
0 12
cob=(3)
cfi=(70)
cfn=(368)
calls=1 34 
0 11
cob=(1)
cfi=(51)
cfn=(238)
calls=1 30 
0 775
0 5
cob=(3)
cfi=(62)
cfn=(322)
calls=1 29 
0 12
0 21

fn=(250)
0 15
cob=(2)
cfi=(13)
cfn=(252)
calls=1 0 
0 29
0 10

fn=(260)
0 6

fn=(496)
0 21
cob=(3)
cfi=(84)
cfn=(504)
calls=1 35 
0 6
cob=(1)
cfi=(51)
cfn=(238)
calls=1 30 
0 871
0 46

fn=(230)
0 11
cob=(3)
cfi=(53)
cfn=(244)
calls=1 96 
0 49396
cob=(1)
cfi=(51)
cfn=(238)
calls=1 30 
0 961

fn=(254)
0 6

fn=(266)
0 11

totals: 146062
