62.545502
57.886578
61.587200
65.297218
67.515015
71.198219
74.890457
56.283859
59.964062
63.653881
58.991043
62.688213
66.394897
77.901230
50.218323
53.864212
57.518814
61.182556
74.228630
57.401646
61.077919
64.763687
68.459129
63.790718
67.493965
70.898048
70.719009
70.550346
58.159588
61.896080
61.965290
56.989243
52.023701
47.068760
39.037804
37.810570
35.356041
56.232010
59.864590
55.175888
47.727627
51.360428
43.924049
47.559967
62.311501
54.858318
58.521160
62.193394
65.663284
61.204845
64.783096
64.580246
64.387573
64.205254
63.462219
52.746487
56.452549
60.168793
55.517075
59.241329
61.326118
61.218056
57.707836
52.740673
47.784275
39.754471
35.916958
36.066093
37.431335
42.285454
47.150906
53.780083
57.399834
52.706676
56.332100
48.877258
52.505360
45.063103
48.694546
60.743435
55.984154
59.629265
59.384113
59.148571
58.497913
58.281311
58.074806
57.878609
57.692902
56.974972
53.838528
55.781982
55.631905
55.148136
55.016842
54.896057
54.785988
54.686577
53.458714
48.500816
43.554058
38.618176
36.776943
35.517807
40.371422
45.236572
50.113270
45.851761
50.480927
46.654327
50.258850
53.870869
56.304913
50.029526
53.653030
46.204781
49.831852
54.221100
53.383770
53.124683
52.875244
52.635513
52.001766
51.781273
51.570995
51.371159
51.181953
50.489155
49.956551
49.341091
49.188274
48.724194
48.590496
48.467472
48.355320
48.254002
48.163712
48.084541
44.270317
39.333260
37.488632
33.605206
38.458191
43.323139
48.199623
39.375370
43.991760
48.615753
47.832096
50.444595
50.110020
49.783707
48.883953
48.574963
48.274689
47.983364
47.701225
47.428520
46.622452
46.368595
45.741962
45.507320
45.282806
45.068642
44.865044
44.188908
44.004826
43.490730
42.901669
42.746025
42.301598
42.165421
42.040085
41.925785
41.822498
41.730419
41.649647
41.580276
40.049374
38.201061
33.277328
36.545883
36.076305
40.977947
41.957157
37.524651
42.135765
45.086365
44.284962
43.937199
43.597332
43.265755
42.386581
42.072517
41.767216
41.470913
41.183865
40.906322
40.122681
39.502995
39.254074
39.015175
38.786522
38.116814
37.907898
37.709499
37.204578
37.026421
36.463905
36.305344
35.880695
35.741962
35.614235
35.497723
35.392403
35.298470
35.216042
35.443203
35.388119
35.345158
33.989914
34.634235
34.152012
35.765324
36.178234
36.787342
32.175144
37.284584
37.559090
35.678207
38.944366
38.575001
38.213238
37.433460
37.088177
36.751202
35.892487
35.573215
35.262745
34.961334
34.669228
34.386703
33.625420
33.021896
32.768482
33.684826
33.427990
33.181522
32.945496
34.021748
33.806232
33.601624
35.170166
34.985546
36.153667
35.989410
35.836327
35.694481
35.564171
35.445446
35.338417
33.922173
33.842945
33.775902
33.721260
32.723751
31.954334
31.944479
30.716423
30.249344
31.390957
32.184822
32.872437
33.830261
36.190361
36.795528
36.397018
36.006096
36.778339
36.404160
36.038139
37.259735
36.911770
36.572643
37.864334
37.544098
37.233337
38.175564
37.884354
37.603115
39.023659
38.762543
38.511909
38.271847
39.333969
39.114784
38.906658
40.458832
40.271099
41.426800
41.259819
41.104183
40.959972
40.827488
39.387882
39.282627
39.189606
39.109070
39.040951
35.418221
30.814127
30.305426
31.226002
30.919628
32.015999
31.872675
30.534117
29.618341
28.447414
28.003435
30.094835
31.104876
31.353205
33.905277
35.439316
36.592686
41.194275
41.488918
42.241795
41.861938
41.490246
42.688984
42.335541
41.990967
43.261215
42.935783
42.619892
43.545624
43.249554
42.963543
44.365086
44.099556
43.844627
44.882412
44.648445
46.164982
45.951706
45.749577
45.558628
46.701954
46.532154
46.373886
46.227230
46.092495
45.969742
45.859104
45.760696
42.925468
37.994541
36.133926
31.219643
30.409834
32.763588
28.977230
30.066631
29.969713
29.998379
31.385410
31.653015
33.088161
29.115688
30.482882
30.712322
29.130470
28.726109
29.043823
39.170334
43.753933
48.103100
46.287369
48.865753
48.489754
48.122078
47.763016
49.001297
48.661385
48.330620
48.009445
48.918739
48.617661
48.326733
49.709229
49.439148
50.452015
50.203091
51.692669
51.464825
51.247902
51.042282
50.848015
51.979065
51.806358
51.645367
51.496181
51.359116
51.234245
50.480595
45.532856
43.647774
38.715633
36.850773
36.033947
34.217293
33.471104
31.717125
28.117754
28.012768
28.823835
29.420225
29.686071
31.275455
27.151831
29.023888
29.875734
30.858126
31.967251
34.494495
34.096508
34.425762
36.843952
40.382488
43.928047
47.481339
51.042187
53.932590
47.127186
50.700569
54.282867
54.065102
53.728851
53.402245
54.294842
52.913250
55.341125
55.055946
54.781166
55.779434
55.526176
55.317471
56.766983
56.546295
57.644485
57.445545
57.258125
57.082409
58.239265
58.085255
57.943096
56.173149
51.211426
46.261936
41.324909
36.400574
34.517643
32.653221
31.834923
30.022554
29.279745
27.534075
26.884083
31.113346
31.174318
32.594170
29.310843
29.827572
27.068441
27.928530
28.921110
30.041819
35.487911
36.768414
40.086361
38.060051
41.592770
45.132473
48.679882
52.234833
55.798042
48.306808
51.874477
47.161762
50.737923
54.323212
57.917694
50.453808
54.054928
57.666058
52.981628
56.603432
60.235847
60.851948
56.434998
60.085835
61.847145
59.087578
62.730244
62.539536
61.793346
63.505939
63.349266
61.884087
56.907883
47.892471
42.954529
38.028942
33.115700
32.215508
30.332489
32.146519
27.650660
29.989168
28.132410
29.236731
29.159796
29.215448
30.633942
27.347710
27.867685
28.527540
30.448097
31.358862
32.402168
33.573441
39.037537
44.512810
39.281281
42.807846
46.341579
38.854496
42.391914
45.937172
49.490559
44.772179
48.333607
51.904099
55.483753
59.072643
51.603928
55.200016
58.805958
54.117691
57.734642
61.362324
65.000801
57.555096
61.201775
56.540157
60.198433
63.868553
67.550537
62.896900
55.473595
59.162430
58.549328
53.584972
45.620132
40.690571
35.773235
30.868120
30.343351
29.561722
30.253353
31.020048
26.556269
26.193470
27.291224
32.323544
27.257483
25.654543
25.385927
25.909758
26.575851
28.504227
29.425011
30.479980
31.664228
37.134895
42.616787
48.109695
36.900745
33.020126
36.536800
40.060738
43.592205
47.131489
42.406883
45.954151
49.509754
53.074436
45.606346
49.177418
52.758022
56.348469
59.949303
63.560162
58.869080
62.491879
66.125801
58.678375
62.320751
57.657555
61.312183
64.978607
68.656853
64.003212
56.581158
60.267448
59.296551
54.329823
46.367348
41.435852
36.516792
31.610174
29.685232
28.772924
28.361662
29.117144
28.606413
29.540188
29.252213
30.380898
25.300219
26.716591
24.887829
24.567694
24.626928
26.563583
27.495007
28.562532
29.760599
31.083096
40.726711
46.226444
47.655052
34.747124
34.243572
37.754261
41.272167
44.797558
48.330738
43.599468
47.140774
50.690411
43.219307
46.775665
50.340851
45.642593
49.218479
52.804142
56.400116
60.006931
63.624683
67.253693
59.804745
63.442680
58.777943
62.428585
66.091187
69.765785
65.111961
57.691505
61.374939
60.046497
55.077209
47.117203
42.183826
37.262875
32.354702
30.423763
31.402666
30.626221
31.327198
32.105579
31.623365
32.584785
32.330742
28.386047
24.759521
25.067329
25.324362
25.095448
28.464825
25.569616
26.650465
27.862894
33.347263
34.721096
40.251987
45.793156
48.344193
35.753651
32.599232
35.472656
38.977478
42.489239
46.008438
41.270092
44.797058
48.332268
40.857582
44.398922
47.949223
51.508820
46.805717
50.376083
53.956280
57.547085
61.148369
64.760925
57.312450
60.934418
64.567772
59.901482
63.547993
67.206650
70.877487
66.223755
58.804798
62.485283
60.799103
52.817913
47.869862
42.934425
38.011639
33.101856
29.012917
29.542931
34.339066
29.438744
30.205910
35.111069
30.662519
30.398201
31.553492
23.453333
23.112225
26.083597
25.872547
24.567757
24.489059
24.743671
25.971464
31.462971
32.852833
38.390709
40.928101
46.503258
44.294121
33.980541
33.216263
36.707855
40.206261
43.711761
47.224651
42.479149
45.999912
49.528889
42.047798
37.336967
40.873100
44.418575
36.977631
40.530857
55.112541
58.697800
62.293625
54.845242
58.450485
62.067581
65.696190
61.028355
56.371422
60.014816
63.670437
67.338547
59.921436
63.598652
61.554638
53.575977
48.625580
43.687908
38.763222
33.851780
28.953480
27.685682
32.480972
27.552225
32.421955
33.213627
32.747864
33.729408
29.616470
24.572437
26.027805
26.386036
26.653076
25.365780
25.310003
25.323000
25.398561
29.585562
30.992031
36.537029
39.088600
40.736069
42.487232
46.637764
32.213860
34.463825
37.949200
41.441315
44.940449
48.446915
43.693863
47.208073
50.730679
43.243450
38.526844
42.057304
45.596664
38.151695
41.699394
45.256947
59.852715
52.402939
55.992054
59.592369
63.204216
58.533306
53.873844
46.468555
50.093693
53.730522
68.456520
61.041153
64.715454
62.313290
54.337143
49.384323
44.444450
39.517807
34.604652
29.704885
30.090191
30.625498
35.434124
34.687630
35.422535
36.239712
35.805782
31.573965
22.623611
24.079931
24.440483
27.437195
26.168253
24.226690
25.251719
26.416986
27.715429
29.139229
34.691486
37.257816
38.922081
47.546124
32.244976
34.946560
39.196751
42.682468
46.175144
41.414532
44.914494
48.422241
40.930000
44.444595
39.722073
43.246498
46.779835
39.330479
42.872509
46.424442
49.986618
53.559601
57.143303
60.738091
64.344971
59.672371
55.011597
47.606869
51.228024
54.861034
69.577637
62.164577
65.835411
63.075214
55.101692
46.195835
41.267994
36.353043
31.451244
30.459345
28.251045
33.025742
33.580688
32.817554
33.540661
34.347046
33.899952
29.647896
25.717009
22.133774
22.497297
23.602541
23.460728
22.314665
23.354916
28.805105
30.025946
31.378519
32.854649
52.177666
38.114365
32.688419
31.648617
42.178894
46.684963
42.647671
46.141338
49.642509
42.143280
45.651291
40.922901
44.441162
47.968334
40.514713
44.051167
47.597332
51.153568
54.720901
58.299042
53.619450
57.211395
60.815361
56.153450
48.749123
52.366180
55.995480
70.702545
63.291489
66.959190
63.840755
55.869835
46.968632
42.038628
37.121620
32.218002
31.217058
26.415112
31.188797
31.730310
30.950085
31.661184
32.456669
31.996157
27.723553
23.778667
21.586262
21.225748
22.262817
22.927526
23.750862
25.825245
31.255745
28.161430
33.670177
35.076355
31.530327
31.162239
35.920784
36.935413
40.408142
43.887650
47.374695
39.869213
43.362759
38.626427
42.129635
45.641598
38.183743
41.704445
45.234734
48.774986
52.325584
55.886890
59.459297
54.777233
58.364124
61.962933
57.299435
49.895782
53.508617
57.133865
60.771599
64.422333
68.086563
64.609901
56.641785
47.745598
42.813129
37.894005
32.988621
31.978237
27.088211
29.355236
29.883064
29.085522
29.784248
30.568399
35.510017
31.082663
26.971626
22.328094
21.981363
23.888672
21.008001
21.844875
27.248468
32.665863
34.824211
40.288437
41.521477
42.888603
31.480646
31.282810
34.169193
38.195499
41.661690
45.134556
48.614868
41.101738
44.588501
39.845764
43.342571
46.848106
39.385117
42.899727
46.424164
41.727295
45.264442
48.812092
52.370403
55.939972
59.521431
54.853783
58.450268
51.047081
54.655575
58.276649
53.640568
57.276562
60.925377
62.395020
57.417763
48.526752
43.591866
38.670559
33.763123
28.869604
27.851784
27.525257
32.311756
27.223848
27.910063
28.682871
33.625885
29.174896
25.046371
25.053526
21.533407
21.961632
23.725235
21.153009
25.357145
30.783443
36.222885
38.429672
43.914326
41.065956
36.020592
30.597996
36.010166
39.463036
42.922600
35.403759
38.868793
42.341187
37.589970
41.071739
44.562031
48.061008
40.592934
44.101330
47.619549
42.918663
46.449711
49.991528
53.544071
57.107956
60.683826
56.014584
59.605766
43.968334
47.562679
51.169346
54.788654
58.420689
62.066185
63.178383
58.198040
49.312222
44.374954
39.451397
34.541855
29.646597
28.619114
25.699110
30.484804
25.365377
26.038929
26.799942
26.297754
27.269447
23.123268
23.126526
23.297895
24.853909
25.340343
22.559664
27.950649
33.355995
38.774612
39.817760
42.072758
47.577179
36.955074
31.525957
35.263920
39.727413
33.212025
36.663540
40.121983
43.587688
38.829479
42.304672
45.788334
49.280624
41.807297
45.309345
48.820992
44.115952
47.641209
51.176826
54.723454
58.281715
61.851833
57.180500
49.778275
45.133999
48.723976
52.326435
55.941708
59.569885
63.211742
63.966389
55.056183
50.102383
45.162441
40.236568
35.325188
30.428030
29.390554
24.511713
28.661888
29.182999
28.375957
24.919943
29.866192
29.400494
21.202377
21.201893
21.373842
22.935104
23.429832
25.255474
30.623621
36.006424
36.908638
42.349655
43.451057
45.753479
51.277355
37.897957
32.462284
30.779413
31.047678
31.384903
29.715990
41.383095
44.842026
29.133829
32.595043
47.021843
50.507328
43.028316
46.523899
41.810818
45.319939
48.838821
52.368324
55.908882
59.461147
54.783947
58.352314
50.950294
46.305264
49.890759
53.488895
57.099792
60.724236
64.362335
64.759331
55.854301
47.987316
43.056240
41.026775
36.113163
31.214272
26.330156
25.286335
26.843292
27.350143
26.525017
27.212183
27.991095
27.511744
19.284159
25.321199
20.580938
21.020309
21.524155
23.361784
28.739634
34.132191
35.050247
40.501183
41.620564
43.939526
49.472450
28.910786
33.664993
29.313120
30.990179
34.430126
37.877056
30.388382
33.843006
48.262936
51.741497
55.228966
47.746021
43.027924
46.530529
58.272091
61.801975
65.343254
60.647057
45.011169
48.563709
52.128063
47.482449
51.063133
54.656830
58.263687
61.884060
65.518066
65.557526
56.657761
48.793915
43.860218
41.822094
36.906181
32.005386
27.119776
26.070440
25.029312
25.521650
24.677837
25.352222
26.119633
21.569475
19.033852
22.791639
21.345572
19.110025
24.403273
24.970274
26.862335
32.265049
33.200253
34.297783
36.603165
37.969044
43.536224
45.066769
30.214563
31.607872
28.846277
32.273151
35.706352
39.146648
31.650463
35.098873
49.511986
52.983513
56.463875
48.975197
44.252136
47.748337
51.254532
54.771378
58.299583
53.612431
46.205868
41.550732
45.102226
48.665882
52.241863
44.871902
48.462128
52.064953
66.679710
66.361298
57.466782
52.503979
47.555992
42.622742
37.704689
32.801823
27.914553
24.281200
23.220139
28.019163
22.835192
23.496429
24.251766
19.675619
19.778780
23.546873
18.822325
17.410826
22.507271
23.086292
24.992554
30.405848
31.359184
32.476933
34.800552
36.187817
37.708103
43.315311
31.527529
29.559507
37.704636
33.368580
36.991241
40.424847
32.921097
36.362782
50.769417
54.233810
57.706940
50.212502
45.484047
48.973724
52.473385
47.772896
51.288677
43.877834
47.407742
42.750801
46.297234
49.855721
53.427109
46.058762
49.644608
53.243446
56.855858
60.482403
58.281811
53.315994
48.365017
43.429165
38.508907
33.604019
28.714926
23.841801
27.252674
26.214802
26.716105
21.644781
22.388268
22.192120
20.527102
24.306051
19.590298
18.194286
20.617233
21.209303
23.130806
28.555099
29.527756
27.467211
28.842392
30.353268
31.987865
37.623943
31.896912
28.043335
35.668644
31.326487
38.285168
41.712044
45.145897
48.586891
52.035645
55.492809
58.958611
51.458153
46.724323
50.207142
45.497345
48.995762
52.505066
45.092697
48.616707
43.957844
47.499111
51.052765
54.619228
58.198929
61.792088
65.399551
58.037331
61.659969
59.103344
51.249386
46.307419
41.380211
36.467903
31.570951
26.689323
24.646711
25.473825
30.244667
29.231367
24.050217
20.529194
22.940722
21.279190
25.069593
20.363310
17.086412
18.733503
19.339973
21.277718
26.713444
27.706705
25.677992
27.076931
28.610996
34.227272
35.911690
29.873304
29.366112
32.767830
36.175121
39.588551
43.008663
46.435612
49.869560
53.311134
56.760990
60.219364
52.712360
47.972919
51.449009
46.734730
50.226776
42.808186
46.315178
41.648968
45.172714
48.708721
52.257214
55.818417
59.393230
62.981888
66.584831
59.225742
62.844608
59.931511
52.080982
47.136124
42.206055
37.291489
32.392445
27.509140
25.457924
23.701132
28.471205
27.438438
22.223524
22.888588
23.654274
22.035450
25.837902
21.141693
16.466047
16.856960
17.478930
22.885654
24.881769
21.548353
23.901634
25.324999
26.882919
32.507885
34.213963
29.586908
30.698729
34.094143
37.494972
40.901779
44.315117
47.735130
51.162003
54.596336
58.038818
61.489685
53.976036
49.230530
52.699802
56.179398
51.466393
44.045094
39.370426
42.877079
46.395611
39.021751
42.555702
57.025555
60.595375
53.234249
56.820808
60.421284
55.812973
57.882519
50.058704
45.123112
40.202374
35.296295
30.405455
25.529959
26.110317
30.824492
20.837061
25.651958
26.149965
21.054449
21.808462
19.700647
22.291571
17.599277
17.261555
15.941370
20.352787
21.046299
18.594677
19.763828
22.139019
23.587538
21.220201
26.871998
32.531052
31.530088
27.938215
32.041569
35.430706
38.825092
42.225296
45.631851
49.044926
52.464684
55.891754
59.326809
62.770096
55.249454
58.705921
53.960217
57.432629
41.806797
45.290817
40.612671
44.113972
36.735462
40.252399
43.781464
58.240883
61.805599
54.446297
58.028294
53.416328
57.017776
52.414879
50.911224
45.972767
41.049278
36.140930
31.247856
26.370628
24.380953
29.093975
21.135267
23.872414
24.355793
19.226631
19.968695
20.469303
18.849167
18.384720
18.064627
16.764980
18.505102
19.217596
16.797745
19.726681
20.145697
20.628859
21.161558
25.197657
27.029364
29.892992
27.874016
26.447824
33.395020
36.777927
40.165909
43.559528
46.959328
50.365463
53.778103
57.197887
60.625481
53.092773
56.532913
51.774689
55.230320
50.500755
43.067673
38.379814
41.864212
34.479713
37.979866
41.491989
45.016106
59.464878
63.024399
55.666550
59.244350
54.633064
58.230743
53.629162
51.771755
46.830379
38.152634
33.257145
28.376514
23.999537
22.659342
27.371183
23.192890
22.100300
22.568901
17.405359
18.135555
17.201984
16.532366
14.948706
19.692516
14.919673
16.667599
17.400452
19.456148
20.710575
21.166832
21.685528
22.252176
23.539759
25.392492
31.087715
30.790264
37.700092
27.461605
33.736622
38.124092
41.517841
44.904922
48.298000
51.697224
55.102764
58.515255
50.969933
54.394474
57.827381
53.062267
56.510880
51.775826
44.338390
39.646614
43.125290
35.738476
39.233704
42.740517
46.259842
49.791714
53.336845
56.895927
52.279156
55.858482
59.452332
54.852169
52.640617
47.696270
39.023609
34.125801
29.243078
24.375458
23.210804
25.656454
30.383734
26.234251
25.170324
19.893650
20.554419
17.989277
17.321918
15.746775
17.843704
15.089004
14.841438
15.596085
17.673956
17.977152
22.205227
22.759928
23.360298
21.899099
23.772646
29.473860
28.812202
38.736687
28.487013
32.119602
36.500874
40.887070
45.278530
49.648350
53.040703
45.477924
48.880360
52.290081
55.707535
59.133202
54.360870
57.802662
53.061600
45.619663
40.923485
44.396404
37.007175
40.496994
43.998905
47.512951
51.039856
54.580135
49.956829
53.517822
48.907616
52.488525
56.084148
53.518414
44.818295
39.903187
35.003136
30.118298
25.248919
25.289175
29.974075
34.675114
39.392200
29.302370
23.898821
18.751640
15.816957
18.119431
14.701779
16.004078
16.202856
14.727712
14.779400
19.292812
18.974691
18.187162
18.711349
19.290703
20.276354
22.170504
27.877157
33.589050
23.924725
28.592014
39.785648
29.524570
30.514387
34.889671
39.269688
43.654648
48.045090
52.441391
46.823360
50.219086
53.621914
48.829239
52.245884
55.671303
40.023724
43.462799
46.911789
42.210701
45.677841
49.156277
41.770679
45.267208
48.776157
44.137428
47.666740
43.043781
46.593182
39.258415
42.824112
46.403648
49.997150
45.709755
40.792046
33.112427
28.236744
23.518213
23.611200
28.294737
32.994804
37.711090
27.575951
22.138451
16.957865
16.626804
14.889589
14.265704
14.174671
14.382233
19.735914
20.243290
22.139225
15.328118
16.673609
19.191240
20.410269
21.062563
21.741182
26.298227
32.015205
30.228987
26.723837
35.099072
31.619152
40.847397
27.015940
28.921272
31.325565
34.685966
38.051407
41.422203
44.798725
39.981022
43.368774
46.763313
50.165279
53.575165
56.993679
41.339493
44.772255
48.215096
43.509224
46.970577
50.443222
43.054806
46.546375
50.050205
45.409439
40.778568
44.310226
47.855400
40.521355
44.083691
47.660027
51.250725
46.610752
41.690533
34.013283
29.135534
24.273108
22.166168
26.625050
31.323908
36.039501
34.792603
24.788984
15.449702
15.911811
15.710773
16.421982
16.282171
17.654329
17.941828
23.326853
20.383642
17.975098
16.516270
17.541790
19.175192
20.928171
22.941336
24.737671
30.459127
28.299456
24.798512
33.168659
29.693117
37.103153
26.607832
29.376034
32.726242
36.081036
39.440689
42.805508
46.175865
41.348812
44.730370
48.118542
51.513977
54.917389
50.140320
42.666935
46.093651
49.530354
44.819363
48.274937
51.741791
44.350361
47.836521
43.185326
46.692322
42.059509
45.587029
38.249283
41.794495
45.353462
48.926586
52.460152
47.522018
42.599049
34.924042
30.044331
25.180058
24.866503
24.965313
29.663067
34.377846
39.109646
28.977528
23.554495
18.400778
13.594841
14.622977
14.482296
15.862051
16.162453
21.561514
18.645477
16.275444
17.583876
16.886505
17.572104
19.348049
21.226450
26.935137
32.648384
26.388041
23.394714
38.110687
33.521824
29.104733
27.453602
30.794415
34.139339
37.488674
40.842678
44.201672
39.360466
42.729492
37.917694
41.299179
52.875889
48.083519
40.595242
35.854218
39.273453
50.858139
46.141663
49.591492
53.052578
45.657410
49.138630
36.344082
39.841431
43.351761
36.008610
39.536621
43.078320
46.633919
50.203827
53.384933
48.443836
43.518330
35.845280
30.963493
26.097250
23.230608
23.316296
28.012938
32.726784
37.458065
31.747669
21.828323
16.643684
17.420851
12.836955
12.696303
14.084720
14.399376
19.813093
16.926292
14.596642
18.673353
18.006426
18.662928
21.668697
20.087843
25.399965
31.117582
36.304661
32.830791
29.359905
38.206879
32.796501
27.389700
30.926067
27.830204
34.862640
38.909733
42.258259
45.611584
40.760284
44.123772
39.302662
42.678371
46.060665
49.450695
41.953880
37.205971
40.619698
52.199036
47.476673
50.920807
54.376163
46.976971
50.452827
37.656219
41.149498
44.655392
37.310715
40.835331
44.373314
47.925541
51.492241
54.320789
49.376945
44.448795
36.777397
31.893415
27.025425
22.173578
21.678326
26.373848
31.086981
35.817738
40.566307
24.532022
14.899498
15.668322
20.764557
16.280830
16.221491
12.654350
14.837004
15.091486
14.261162
14.740780
15.759035
18.387228
20.115210
21.324291
23.884558
29.606045
34.420395
30.949802
27.482477
39.305809
33.891396
28.480198
29.395842
25.937786
28.794275
32.132172
35.474380
38.821625
33.980373
37.337959
40.701153
44.071007
47.447739
39.934299
43.325920
38.570522
41.979061
53.553871
48.824982
52.263500
55.713196
48.309158
43.638565
47.118587
42.469452
35.116879
38.624447
42.145477
45.680206
49.228870
52.792377
55.268482
50.321800
42.622639
37.720787
32.834846
27.965004
23.111423
20.987577
24.746513
29.458828
34.189060
38.937412
22.846081
14.173660
13.930611
19.033676
14.535871
14.481071
12.360195
12.367265
13.551844
15.329237
15.848703
16.457134
16.833439
18.583744
22.581587
22.389441
28.114267
23.662016
28.343019
33.027287
39.281380
45.838589
40.417236
34.998867
29.583570
27.878456
26.912846
30.241968
33.574936
36.912277
40.254482
35.403286
38.755516
42.113644
45.477825
48.849159
41.325920
44.712097
48.106571
51.510098
46.764664
50.187157
53.620163
57.064293
49.654995
44.979618
40.317425
32.955074
36.446381
39.950306
43.467789
46.999081
50.544437
54.104774
56.228462
51.278843
43.580200
38.676201
33.788197
28.916401
24.061319
23.048094
23.131660
27.843037
32.572750
37.320992
16.730165
15.076187
13.223090
17.319273
16.908707
18.070181
13.324093
14.684866
12.410166
16.422758
16.981731
16.735260
17.035765
20.986135
23.860107
20.914965
26.642569
25.346233
30.029236
34.715633
40.393658
35.038700
37.962048
35.427544
30.699905
26.374464
28.378351
31.703146
35.031628
38.364544
41.701710
36.840244
40.187328
43.540588
46.899517
39.358124
34.570610
37.951775
41.341148
52.899582
48.146603
51.563786
54.991402
58.429859
51.014626
46.334209
41.667511
34.300785
37.788433
41.289001
44.802765
48.330673
51.872761
55.429974
57.201168
52.248871
44.550304
39.644058
34.753906
29.880396
25.023720
21.457672
21.529682
26.240353
30.969543
29.673773
15.061085
14.132384
14.808765
15.623043
15.208637
16.374599
14.312264
13.021196
13.468320
13.852585
18.141190
15.192698
18.257301
19.485771
25.160183
20.629858
21.519291
27.049978
31.734482
36.422089
41.517281
36.159267
34.344090
33.689468
29.168859
26.410181
29.205252
33.178364
36.502598
39.831108
43.163925
38.291672
41.634056
44.982235
37.422489
40.783733
35.987106
39.363503
42.748009
46.141136
49.543205
52.955231
45.512218
48.945072
52.389084
47.702904
43.030994
46.507679
39.143539
42.640598
46.150940
49.675518
53.214626
56.768547
58.187408
50.457851
45.533367
40.624809
35.732758
30.857449
25.999084
21.158159
19.941338
24.651201
29.379877
28.070482
17.878481
14.147910
13.136304
13.946459
13.529742
14.701277
10.948994
11.383712
12.136494
14.979182
14.280210
14.903503
19.503979
18.009697
21.119469
21.953426
22.791851
25.841938
31.588959
34.645203
37.893887
32.562279
31.933760
34.829708
27.338272
27.550043
27.725012
32.045921
36.370663
40.699078
44.641090
39.757732
43.095898
46.439472
38.867477
42.224140
37.418217
40.790054
44.169891
47.558250
40.086208
43.493587
46.911102
50.339130
45.635906
40.948631
44.408844
37.031597
40.512188
44.005829
47.513054
51.034168
46.409767
49.953411
53.511978
51.456768
43.772041
38.874855
33.993416
31.848009
26.988207
22.145966
22.988054
27.677547
27.804529
26.482367
22.251656
15.111310
13.215994
12.291457
11.873815
13.052213
11.973531
11.947795
12.125287
16.135519
13.905121
16.342827
16.855183
16.558413
18.399345
20.333689
22.350523
25.293015
30.188728
39.032536
33.698414
33.075150
35.983284
30.576632
26.728268
26.259069
27.949415
31.265413
39.222122
37.910172
30.306992
33.641453
36.981705
40.327682
43.680244
38.864395
42.231907
45.607304
48.991116
41.509182
44.912251
48.325176
51.748787
47.038597
42.344952
45.801128
38.417645
41.894863
45.385197
48.889183
52.407372
47.778721
51.319881
54.875874
52.469570
44.783199
39.884033
35.000778
30.133760
27.991573
23.147934
21.437506
26.126188
26.244278
24.910099
20.661354
16.095922
14.202782
12.403841
11.697457
14.286077
13.027590
13.122856
13.251988
12.435401
12.935184
14.864974
18.135216
17.623512
18.447002
19.289375
24.658424
23.527489
23.469389
41.992943
37.150291
31.740650
26.333992
24.807817
29.460424
32.773315
37.760643
39.411026
31.794222
35.125229
38.461456
41.803509
45.152020
40.326057
43.689487
47.060703
39.558117
42.947655
46.346413
49.755192
45.026737
40.315540
43.756287
47.208595
39.818081
43.292061
46.779205
50.280079
45.638538
49.162178
52.700497
56.253994
50.725075
45.808182
40.907093
36.022076
31.153471
26.301714
21.466860
19.901844
24.589851
24.699589
23.354696
19.089874
17.103275
15.213734
13.348177
12.727458
11.209711
10.889805
11.563431
12.186017
13.625508
14.161157
13.539850
19.442205
18.949982
19.433056
21.313189
23.281637
21.782450
25.233065
40.210648
35.796944
31.386406
31.055300
25.625843
30.986391
34.296246
36.315178
40.927296
44.249256
36.624199
39.957142
35.105450
38.451164
41.803604
45.163242
37.639595
41.016323
44.401859
47.796768
43.049221
46.464813
41.745857
45.182911
48.631966
41.233376
44.704262
48.188362
51.686249
47.039375
50.560406
54.096218
57.647308
51.766590
44.089630
39.200619
34.326767
32.187916
27.334799
22.498772
23.027584
27.695803
23.171255
21.816853
22.072708
16.426243
13.456711
11.774054
12.655670
12.287284
11.994304
10.824275
10.933238
11.599158
15.418755
14.821899
15.555249
20.301989
18.058510
19.949415
21.926434
22.336655
27.015963
27.575790
29.612848
25.923115
26.728649
31.033854
35.342476
39.145012
42.459709
45.778603
38.138901
41.468647
36.605961
39.948383
43.297203
46.653347
39.117142
42.490433
45.872463
49.264023
44.507107
28.913799
32.334366
35.765743
39.208904
42.663967
46.131924
49.613140
44.950939
48.455135
51.973675
47.332935
50.874001
46.240128
45.142166
40.251488
35.376095
30.516792
25.673662
21.550375
21.529421
26.196892
26.269751
26.406755
31.173910
25.396711
19.835413
14.567145
11.113422
13.398273
12.099993
11.990343
12.134147
12.473238
16.708891
16.134542
16.893976
21.679813
17.231649
18.608587
20.592754
22.651876
28.387741
29.150221
27.853575
27.483576
25.321512
29.624397
33.930611
38.240273
42.553871
46.871552
39.669628
42.996513
46.328884
41.461903
44.807655
37.248955
40.610928
43.981064
47.360100
42.582939
45.981525
30.371271
33.789047
37.217628
40.658005
44.110291
47.575504
51.054012
46.384689
49.886467
45.231407
40.578091
44.109741
47.655437
46.209427
41.317047
36.440308
31.579559
26.735239
21.907284
20.047052
24.713814
24.781164
24.913076
29.680302
23.892477
18.323002
13.051144
12.075912
14.820351
14.617362
10.848293
12.596247
13.744127
18.031782
13.659828
18.261194
19.096777
18.283253
21.084829
23.003012
25.003466
27.077581
31.779856
26.394527
25.709272
28.230225
32.534363
36.841984
41.153221
45.468559
41.216877
44.541019
47.870785
42.991821
46.335060
38.762081
42.121502
45.488800
40.691414
44.077164
47.472878
31.844055
35.259254
38.685474
42.123043
45.572762
49.035431
44.348946
47.834522
43.163898
46.671856
42.012253
37.352089
40.887909
44.437778
39.646194
34.781464
32.657825
27.812267
22.983442
20.866360
23.247185
27.931688
28.034246
28.204918
22.409475
16.835161
12.087738
13.220962
13.346817
18.594259
14.550021
14.883978
11.962116
14.367899
15.015319
19.656837
20.511271
16.975784
19.782028
21.705637
23.709827
25.786703
33.002956
27.616135
26.941628
26.851614
31.154026
35.459850
39.769329
39.463390
42.780426
46.102642
41.204369
44.538857
47.879723
40.291996
43.648972
47.013756
42.204945
45.588394
48.981533
33.332478
36.745319
40.169182
43.604622
47.051994
42.346931
45.817173
49.300621
44.621986
48.128044
43.461044
38.794090
42.328411
45.619621
40.738472
35.872391
31.021711
26.186729
21.851234
21.797289
21.797274
26.481318
26.580702
26.748491
20.948399
15.372938
15.942390
15.209624
16.098120
17.158249
17.073856
18.547157
15.328886
15.730798
13.987456
21.080776
21.951740
17.516714
18.502653
20.429943
22.436644
21.685814
28.963724
32.254730
28.189232
25.488825
29.789871
34.094273
37.734615
41.045372
44.360931
39.443832
42.770477
46.103031
49.441673
52.787315
45.193375
48.555996
43.735703
38.937359
42.328552
34.836845
38.247574
41.669319
45.102638
48.547897
43.833561
47.301613
50.783352
46.096012
49.600552
44.925251
40.250858
43.783783
46.728100
41.845711
36.978603
32.126873
27.290951
22.471233
20.370014
25.014006
25.048393
25.145439
25.311722
19.509880
19.897003
18.918045
13.786345
18.918644
19.888805
21.032198
21.049286
13.992299
13.414323
12.764119
22.532284
18.117474
18.978792
18.528467
19.421198
24.881342
22.662655
28.990177
29.205715
26.135742
29.429934
32.727573
36.029137
39.334393
42.644100
45.958107
41.028408
44.353550
47.684326
51.021584
54.365562
46.755192
50.116009
45.283730
40.473923
43.863010
36.357422
39.766296
43.186172
46.617626
41.883144
45.336525
48.803047
44.097580
47.586311
42.894711
38.205147
41.722691
45.254345
47.851990
42.968475
38.100319
33.247635
28.410849
23.590364
21.493999
23.600410
23.633123
23.729053
23.894915
22.626190
22.971786
17.511148
18.157703
23.232588
18.510035
19.665909
19.700781
12.691579
14.824660
14.189487
18.758749
19.591331
20.465080
20.021957
20.924858
23.644091
24.546736
27.751865
33.479565
27.516235
25.981026
29.192455
33.487213
37.646049
40.950661
44.259243
47.572311
42.629509
45.953522
49.283356
52.619411
55.962143
48.334843
51.694237
46.849247
42.027245
34.497608
37.894451
41.301731
44.720016
48.149876
43.404720
46.856556
50.321323
45.605869
49.093178
44.391979
39.693756
43.209881
46.740387
48.991364
44.106834
39.237740
30.723339
25.901693
24.725454
22.635038
20.546402
22.236137
22.332102
22.498669
21.232468
21.581264
16.132071
16.786678
21.862762
17.164211
18.333370
18.386696
11.426347
12.326433
13.451768
20.246199
21.090797
21.975037
21.537636
22.449074
21.795259
24.444260
26.531252
32.254982
28.393829
26.622774
27.706095
31.005413
34.309105
37.617214
40.930031
44.247684
47.570957
50.900024
54.235283
57.577194
49.932278
53.290634
40.220970
43.597958
36.052605
39.448143
42.854118
46.271084
41.504997
44.943146
48.393677
43.658043
47.130795
42.411293
45.905605
41.197605
44.712669
48.242168
50.146717
45.261295
40.391365
31.866821
27.044495
22.494942
23.793566
21.712490
20.857569
20.954750
21.123522
19.861475
20.215057
14.781333
19.791620
20.522448
15.851316
17.034540
17.107119
12.462233
12.841841
13.371975
17.859392
22.615171
23.507927
23.074963
23.993570
23.721466
23.244143
25.327976
33.529915
37.731552
29.342783
32.641808
35.945190
39.252762
42.565472
45.882786
49.205708
52.534409
55.869293
48.197304
51.547375
54.905087
41.809917
34.239738
37.624149
41.018669
36.222061
39.636051
43.061317
46.498405
41.742416
45.200863
40.462463
43.942268
47.435600
42.717144
46.231297
49.759926
51.318069
46.431870
37.863499
33.025635
28.202705
23.395094
22.239389
20.172146
19.497845
19.597446
19.769718
18.513815
18.873438
19.338625
18.469940
19.211805
14.571841
15.769417
15.861492
12.569909
14.509323
15.476641
14.261727
18.884470
19.726488
20.603540
20.157122
21.058207
25.556368
27.952444
32.230030
36.078827
30.994440
34.293720
37.596916
40.904751
44.217274
36.500759
39.823711
43.152912
57.521484
49.830837
53.180454
48.285954
32.454350
35.828682
39.212597
42.606174
37.796951
41.210144
44.634602
48.071114
43.302662
38.544708
42.010410
37.266701
40.753029
44.252560
47.765953
51.293861
52.505852
43.891640
39.038410
34.199982
29.376429
24.568472
23.423965
21.365967
19.314283
18.260584
18.437315
17.189659
17.556898
18.031136
17.176720
17.930912
13.325201
14.537597
14.649413
11.913006
16.860983
18.847111
15.494671
16.530783
21.290436
22.173334
21.729086
22.631439
28.304665
23.327297
30.944141
34.440376
30.104532
25.773075
39.264729
42.572948
34.833694
38.151333
41.474419
44.803764
48.139320
51.481758
54.831749
30.694921
34.060184
37.434101
32.595001
35.986694
39.388615
42.801273
46.225201
49.660954
44.880089
40.109619
35.346973
38.819427
42.305111
45.804020
38.315193
41.831116
45.360867
45.082668
40.228935
35.390045
30.566072
25.757740
24.625790
22.577864
23.283312
18.510462
17.126968
15.889185
16.265360
16.750177
15.911943
16.679638
12.110993
13.338394
13.469761
15.096791
15.706277
17.698017
14.364252
18.099918
17.591953
23.763453
19.292807
21.488947
27.155798
30.956850
29.672138
32.815971
28.480530
26.576796
40.418236
44.257324
36.499935
39.818043
43.141613
46.471230
49.807301
53.150490
48.219444
32.317112
35.682251
39.056046
34.203812
37.595245
40.996902
44.409298
47.832962
51.268452
38.238728
33.456615
36.916008
40.387978
43.873188
36.365730
39.867470
43.382927
46.912235
46.289352
41.435230
36.595978
31.771675
26.963047
22.170010
21.055376
24.539154
19.766275
17.775183
16.743290
14.999063
15.495581
14.675408
15.457650
12.956198
12.170885
17.455809
17.678646
14.580862
16.576748
15.131823
19.692028
19.185759
25.373140
20.894825
20.437197
26.024748
29.446693
28.414316
31.205809
26.871271
34.870636
39.171124
43.476212
38.181934
41.500618
44.825020
48.155483
51.492661
54.836525
49.890923
33.955261
37.320572
40.694763
44.078087
39.219959
42.621624
46.034031
49.457928
52.893433
39.836407
35.041683
38.500767
41.972439
45.457359
37.933506
41.435123
44.950245
48.479240
47.511791
39.848656
35.021908
30.209402
25.411846
23.391296
22.291677
20.276939
18.953512
19.067337
18.058548
16.166523
14.331802
16.478085
14.264424
14.420807
14.993753
16.313196
16.553274
15.663521
15.482217
25.744398
21.306269
20.800533
27.001629
22.515280
22.057550
24.910934
27.953669
24.511765
27.170179
29.610050
26.650461
29.950579
33.255394
36.564976
39.879395
43.199211
46.524773
49.856667
53.195076
48.227547
43.285023
35.609352
38.975121
34.087326
37.469334
40.861282
44.263233
47.675919
51.099876
54.535660
41.450443
36.642345
40.101311
43.572865
47.057674
39.516804
43.017998
46.532925
41.761951
45.294930
41.075569
36.248627
31.435944
26.638229
24.628910
23.746841
21.544128
22.273396
17.862883
18.116951
20.390142
19.590767
17.914930
17.358328
15.914811
13.866280
19.099014
20.490255
25.797764
31.120203
36.723270
26.893698
22.435205
28.648121
24.153440
21.009251
23.813753
26.476992
23.028383
28.028397
28.358339
31.659740
34.965881
38.276608
41.592430
44.913921
48.240982
51.574421
54.914192
49.931847
44.974464
37.279331
40.645847
35.743904
39.126457
42.518730
45.921234
49.334476
52.759212
47.913151
43.080616
38.258621
41.717659
45.189285
48.674160
41.115444
44.616806
39.828217
43.347488
46.880363
42.317616
37.490696
29.875679
25.089327
23.097218
22.480543
20.946272
21.022141
21.168888
16.984087
21.797098
21.030338
19.379423
18.856937
17.437122
12.905867
17.993395
19.396397
24.697138
30.012997
33.032402
28.557325
29.418966
30.311718
25.808460
21.310350
22.732710
25.016100
30.314766
31.723942
27.416553
36.690987
40.003376
43.321136
46.644398
41.631283
44.964912
48.305244
51.652462
46.680412
38.965115
34.041904
37.416225
40.799591
44.192677
39.308357
42.719212
46.140816
49.573895
44.726665
39.890503
43.349800
46.821674
39.240891
42.729214
46.230671
41.428810
36.626968
40.149906
40.735950
35.921658
31.121082
26.334690
24.354677
22.375919
25.849171
24.366167
24.488720
20.180872
17.433746
22.496037
20.870533
20.382740
18.986200
14.448615
16.913532
22.153320
23.621233
28.930077
25.507706
21.054722
31.100071
31.991854
27.479826
22.973335
22.498344
23.570419
29.233105
30.166256
26.774029
38.430794
41.745354
45.065125
48.390228
43.362797
46.698269
50.040501
53.389660
48.402271
40.666580
35.728821
39.104202
34.191128
37.582325
40.983303
44.395000
47.817451
51.251598
46.388752
41.537941
44.997684
48.469997
40.869972
44.358540
39.538197
43.044331
38.229259
41.752026
41.995934
37.181686
32.381149
27.594797
24.693884
24.626076
24.615841
29.250698
23.274532
18.988043
18.840960
23.986912
22.387140
17.772463
17.356861
14.592393
15.858146
21.091255
22.568924
22.991001
20.177402
22.734037
27.448565
22.965645
23.794971
24.651661
23.450827
23.756924
28.622236
28.510937
31.819921
35.133984
46.823982
41.778591
45.109570
48.447182
51.791599
46.783348
50.140305
34.063152
37.430786
32.496899
27.580009
27.629549
26.071486
29.475651
32.890423
36.315781
48.066994
43.200863
46.661465
50.134171
42.514187
37.674885
41.168358
44.674759
48.194416
43.368866
43.270622
38.456509
33.656101
28.869860
24.097893
23.401821
23.398933
28.033901
26.615913
26.796644
18.163977
21.481890
20.851215
19.309635
18.926710
14.366255
14.826014
20.052101
21.538729
26.831964
23.784374
24.430534
29.153196
24.660076
25.488810
26.344543
22.415636
25.199146
27.091742
30.261604
33.572704
36.888939
46.976002
43.538074
46.871403
50.211430
53.558319
48.534683
51.893848
35.778927
30.824509
25.887220
29.267467
26.081860
27.745550
31.150576
34.566208
37.992413
49.761040
44.879166
48.340576
51.814304
44.173462
39.319366
42.813248
46.320030
49.840282
45.000156
44.559860
39.745975
34.945778
30.159725
25.387814
26.285460
22.198353
26.833467
25.427729
30.123722
30.355165
17.030169
18.321281
17.756437
16.270084
15.952785
14.683105
19.034256
20.529486
25.814531
22.787546
22.264915
26.896461
22.407784
21.873558
22.686754
23.525511
24.168211
28.717575
32.025867
35.339317
38.657970
45.828999
45.312130
48.648067
43.600803
46.947582
39.140488
42.497955
37.509426
32.539951
27.588062
30.969353
26.037836
29.434162
32.840012
36.256687
39.684155
43.122612
46.572716
50.035114
53.509811
56.997448
40.978359
36.113136
39.611271
43.122070
38.264366
41.790409
41.049908
36.250111
31.464321
26.692646
27.621082
22.860449
25.649269
24.256708
28.952759
33.666145
33.949627
16.816675
19.309996
17.847017
17.560301
16.309465
18.036911
19.539936
19.992399
21.809111
18.881859
23.381664
18.900040
23.587780
24.399864
25.237276
24.740063
27.441359
33.803539
37.119564
40.440865
43.767738
47.100521
42.034882
45.377285
48.726456
40.898441
44.258156
30.900599
34.269711
29.302759
32.685738
27.739176
31.136740
34.543823
37.961723
41.390404
44.830059
48.281345
51.744907
55.220734
47.536514
42.651756
37.771656
41.270302
44.781368
39.909084
43.435486
42.368435
37.569008
32.783558
28.012184
26.108372
24.212343
24.481133
23.102734
27.798845
32.512203
32.807152
18.330856
20.884029
27.080530
22.507721
17.955095
17.058495
18.568848
19.029959
20.847679
20.601841
25.113102
20.621027
21.354397
26.126062
26.961838
26.461395
27.882685
30.506100
33.826370
45.567204
48.903000
43.822819
47.167786
50.519802
42.670643
37.646908
32.642582
36.013596
31.031372
34.416229
29.454378
32.853352
36.261845
39.681145
43.111214
46.552242
50.004879
42.293705
45.760849
49.240231
44.339432
39.443829
42.943321
46.454983
49.979778
48.514000
40.799206
36.011990
31.238234
26.477905
27.458794
25.580063
23.328972
27.980913
26.661501
31.374821
36.105492
19.864569
22.477455
25.418312
24.178856
19.618603
18.495808
17.615135
18.083929
19.902363
17.393665
18.481764
19.719643
23.088522
27.864697
29.620159
39.097145
28.978640
32.296207
35.619450
47.206680
50.719280
34.406960
37.749737
41.099586
44.456848
39.417713
34.398293
37.771397
32.773937
36.160404
31.183268
34.583824
37.993896
41.414761
44.846382
48.288948
51.743092
44.009602
47.477913
50.958435
46.041225
41.129974
44.629974
48.142559
43.239651
46.766785
42.130962
37.344200
32.570854
27.810894
31.722883
26.963383
22.219816
26.844482
25.540524
30.253920
34.984436
30.981596
17.357399
18.189598
17.814125
17.924480
18.928406
16.677317
21.928528
22.455280
24.311718
21.871311
20.212633
24.835131
24.281248
25.075686
35.374458
29.202173
30.778828
34.099266
37.425446
40.756996
44.095131
36.198551
39.544067
42.896702
46.256790
41.202385
36.167507
39.543114
34.530029
37.918503
32.925652
36.327953
39.739761
31.975163
35.399788
50.039948
53.495750
45.739288
49.208900
52.690693
47.757198
42.829731
46.330559
49.843937
44.925030
48.275486
43.476311
38.690067
33.917194
29.157663
30.204361
25.453983
25.598986
25.723446
24.435696
29.148937
33.879395
34.252338
26.157251
17.197184
16.842264
19.596903
17.984833
17.361849
20.997366
21.529720
23.385597
20.949348
21.963921
26.593302
26.035984
24.225061
25.868317
29.272951
32.591106
32.035702
27.997793
42.578842
45.920227
38.003056
41.351490
44.707088
39.634068
43.000435
37.949997
41.327824
36.299194
39.690071
43.089909
38.085533
30.296976
33.712837
37.139008
51.804993
44.023727
47.483002
50.954048
54.437225
49.486698
44.542919
48.044456
51.558945
46.623695
49.633633
41.896469
37.122776
35.277103
30.518053
31.599174
26.849237
24.481541
24.617634
23.346552
28.059635
32.789909
33.175957
29.373398
20.307644
21.219402
17.034992
17.056305
19.076834
20.080288
20.617764
22.472483
20.039646
23.726826
23.108274
23.830568
23.281313
28.801844
28.704306
32.204388
33.504292
37.796032
34.821648
30.583237
29.806030
33.137913
36.475807
39.820236
43.171749
46.530479
41.442352
44.811371
39.745510
43.126167
46.515419
41.474628
44.876797
39.856327
32.046009
35.463570
50.135757
42.329914
45.779419
49.240288
52.712887
47.741936
51.229736
46.269360
49.771923
53.287159
48.335472
51.004860
43.252655
38.479538
33.719048
28.971373
27.146997
28.258841
23.524250
23.526510
22.272593
26.985737
31.715700
32.115028
32.606682
28.991808
33.892147
25.269209
21.205877
17.594566
19.176357
19.718273
21.571627
22.429960
20.350973
24.879501
25.601116
25.317152
27.859871
27.381353
31.240480
36.805218
32.404510
36.699211
33.378231
29.142784
31.626209
30.352911
29.850092
41.650036
36.542229
39.898903
43.263084
46.635361
41.553787
44.937199
48.329445
43.272377
38.231655
41.640091
33.807755
37.227139
40.656792
44.096848
47.548100
42.553848
46.019684
41.037090
44.516834
48.008629
51.512531
55.028831
50.060181
52.389198
47.592148
39.849052
35.089153
30.342003
26.753447
26.745169
24.948341
23.178497
27.118645
25.926729
30.656483
31.069210
31.574739
32.179142
32.888134
32.351105
24.132889
19.022890
18.284674
18.830635
20.682331
21.538610
22.123964
22.753061
22.947441
24.395437
26.927855
26.067978
30.012850
35.843544
35.613667
31.946232
30.125973
33.458088
28.922321
31.671129
35.016788
38.369339
41.729115
45.096432
39.996738
43.374775
46.760857
50.155781
45.082584
40.025814
43.436569
35.581985
30.559052
33.983383
37.417778
40.862774
44.318916
47.786102
42.786854
46.267902
49.760952
53.266056
56.783276
51.797855
53.786350
48.990139
41.231152
36.471886
31.725313
26.991596
25.647692
25.713871
25.848354
26.056412
24.882090
29.611622
30.038139
30.557529
31.175978
31.898815
31.380453
28.401222
19.493446
19.741619
20.003647
19.803610
20.657629
23.906801
24.537039
23.909239
24.620811
28.964741
31.508131
39.950218
39.049625
30.755466
34.539070
30.525423
31.966009
35.301422
30.161354
33.503525
36.852333
40.208298
43.571304
38.454254
41.826927
45.207523
48.596848
43.504417
38.428875
41.832306
33.954739
28.913382
32.329369
28.425901
30.729805
34.168488
37.617729
41.077595
36.066685
39.539902
51.525658
55.032269
58.550701
53.547825
55.196091
50.400780
42.625637
37.867058
36.091866
31.348658
26.618885
24.861107
24.787041
25.007841
23.851496
28.580799
29.021114
33.806190
34.380741
35.055458
30.423502
27.471529
18.997282
20.120687
21.770279
22.349451
24.231871
21.863405
26.330263
25.700119
26.411045
28.053225
33.534111
39.022556
37.746296
33.753269
33.963291
38.258694
30.484177
33.817120
37.155945
32.001854
35.347473
38.699547
42.058601
45.424953
40.292915
43.668694
47.052631
50.444862
45.336521
40.244854
43.650837
35.751034
30.693645
34.111794
29.067720
32.497841
35.937946
39.388802
34.359821
37.823132
41.297661
44.783016
48.280338
51.789211
55.310101
56.618191
48.802425
44.032188
39.274342
34.529057
29.796484
28.045544
26.306530
24.584030
23.972672
22.834616
27.563684
28.017872
32.802067
33.390320
34.078350
29.479795
26.554317
20.733196
19.686640
23.546524
21.484118
23.363934
22.383299
28.132059
27.499699
25.705683
27.150381
32.623222
38.103786
36.451939
32.899002
37.197487
37.301716
35.679054
39.021404
33.853531
37.202263
40.557716
43.920410
38.772079
42.143208
45.521965
48.908905
52.304600
47.180336
42.072510
45.481377
37.558979
32.485458
35.905643
30.845383
34.277271
37.719341
41.171898
36.126316
39.591064
43.066765
46.553905
50.052292
53.562389
57.084427
58.052296
50.220207
45.450817
40.693752
35.949169
31.217224
29.484571
27.764580
26.061684
24.380531
23.745432
26.559725
27.027702
31.811106
32.412899
29.012976
28.548456
25.649103
25.578680
21.443611
25.331631
24.477142
24.929449
24.180759
24.754837
29.307383
24.821213
26.255764
31.720686
37.193478
35.165916
31.844797
36.146469
35.905422
31.701723
32.370247
35.715919
39.068081
42.427013
45.793003
40.629993
44.004177
47.386467
50.776951
54.175755
40.509323
43.911785
35.967239
39.378098
34.288815
29.210917
32.634575
36.068321
39.512211
34.448612
37.904228
41.370495
44.847878
48.335979
51.835938
55.347321
58.870575
59.498383
51.649673
46.881184
45.159134
40.404926
35.663734
30.935701
29.234957
27.551952
25.891268
25.284269
25.568369
26.050331
30.832932
31.448069
32.162670
20.822895
24.754791
24.697430
23.209673
22.245001
24.386047
21.719887
22.534817
24.623569
25.751474
27.002234
29.373980
27.872162
28.249292
35.105522
34.519524
30.896479
34.239376
37.588753
40.944443
44.306946
47.676537
42.498653
37.337772
40.716339
44.102970
47.497982
42.356636
34.391281
37.795456
32.688263
30.760742
36.737469
32.773785
29.352148
32.789192
36.236320
31.163765
34.622002
38.090748
50.129906
53.631042
57.143761
60.668510
60.956078
56.164902
51.386036
46.619888
41.866398
37.126057
32.398544
30.717335
29.054369
27.414246
25.628637
24.589272
29.333017
34.092003
30.495312
31.222883
22.525801
23.870955
23.826227
25.178392
21.864229
23.538078
24.183754
23.984903
27.001904
24.891912
26.134083
28.496965
29.938814
29.360186
34.074532
33.143555
32.772411
36.118828
39.471546
42.830841
46.196991
49.570492
44.377785
39.202141
42.583672
45.973728
49.371712
32.829365
36.227257
39.634007
34.510983
29.399691
35.347389
31.385786
31.147223
34.585827
38.034695
32.945908
36.405636
39.875832
51.934742
55.437344
50.350979
53.865242
57.391048
54.542633
49.776062
45.021572
40.279320
35.549450
33.873039
32.211403
30.568569
25.866152
24.643253
23.710648
28.365396
33.123741
33.709126
30.294552
24.238630
22.997110
22.964388
24.322498
22.187113
22.697990
27.905527
25.244690
26.154816
28.259977
29.406712
27.626999
29.058918
31.029362
34.657902
31.777069
34.657906
38.007919
41.364273
44.727474
48.097340
51.474365
46.267334
41.076511
44.461533
47.854630
42.680836
34.673355
38.073914
32.933960
36.344215
31.217140
33.967926
30.008247
32.952602
36.393059
39.843731
34.738400
38.199680
41.671375
53.750465
57.254803
52.150902
55.666187
59.193169
56.005749
51.240189
46.486633
38.684853
33.965794
32.299278
30.645555
29.008488
27.392071
25.800707
28.368853
27.409039
32.166733
32.765076
29.376957
22.572062
25.985146
27.143604
23.475046
23.751402
25.356358
27.065893
27.752375
29.681143
27.413620
28.553329
27.437378
37.464100
38.232323
36.212925
31.638760
36.553158
39.906830
43.266891
46.633610
50.007248
53.388313
56.776646
42.961082
46.349426
41.159981
44.556732
32.796707
31.371122
34.774971
38.187695
33.044819
36.467312
31.335627
34.768291
38.210880
41.663193
36.541691
40.004581
43.477608
55.577049
50.455814
53.961418
57.478222
61.006191
57.479580
52.715073
47.962471
37.083031
32.375099
33.777428
32.142834
27.443230
31.108000
27.023602
27.405859
26.463631
23.911755
27.704676
28.469692
24.058205
25.116964
26.283737
26.320503
27.727695
28.054880
29.696724
34.881542
32.164959
29.782339
27.706264
29.264473
44.703381
37.777103
32.589359
38.457695
41.815086
45.178905
48.549423
51.926891
55.311588
50.075455
44.855347
39.650475
43.042374
34.993675
31.443148
33.219528
36.625923
31.466440
34.882484
38.307243
33.159374
36.594269
40.038376
43.492828
38.354668
41.819214
45.294067
57.413540
52.275063
55.782074
59.300205
62.829647
58.963875
54.200447
49.448833
38.534992
33.827774
35.266163
33.650780
28.951536
30.118254
26.058390
26.453535
25.528837
25.547960
26.795250
27.572382
28.449696
28.129547
29.236774
30.450144
26.890455
27.222832
28.865353
34.043877
35.819092
28.947695
35.694096
42.926170
46.551151
45.977005
44.463600
34.166393
38.707111
43.047619
47.100075
50.474430
53.855774
48.605743
43.371479
46.758816
41.539223
44.934303
36.864429
31.677155
35.077576
38.486580
33.311512
36.729683
40.156982
43.593441
47.039978
41.876209
45.332626
40.177761
43.644016
55.762665
59.260586
54.104599
57.613049
61.132545
64.663048
60.458363
55.696037
50.945442
39.997040
35.290443
36.765095
32.062668
28.930067
29.138792
27.347134
25.823990
25.396547
27.193825
25.895489
26.684347
27.572577
27.266460
28.382145
29.602585
26.060238
26.397562
28.040581
33.212978
34.986858
27.779541
37.540085
45.151642
52.489609
47.827351
40.932110
35.752144
37.729473
42.073792
46.424610
50.782188
55.146782
50.529369
45.280869
48.671448
43.437195
46.835503
38.744499
33.541920
36.945015
31.754318
35.166035
38.586609
42.016270
45.455051
48.903641
52.362061
55.830566
50.650120
54.128613
57.617580
61.117245
64.627815
59.453880
62.974773
66.506584
61.962799
54.048302
46.185959
41.468945
36.763107
35.161469
33.572361
28.882732
28.169411
32.795563
37.434422
29.292311
25.582888
25.005062
25.805357
26.704178
26.411430
27.535240
28.762419
28.871782
25.578661
30.711414
32.388439
34.160896
29.614506
29.398357
59.027924
54.351685
49.683220
42.522457
37.346493
36.760391
41.108555
45.463257
49.824745
54.193275
52.461773
47.198898
41.950706
33.845284
37.235367
32.018269
35.415794
33.252632
33.615604
37.029797
40.452587
43.884872
47.326019
50.776924
54.237606
49.040585
52.510803
55.991215
59.482254
62.983475
57.792885
61.304089
64.826393
59.639847
60.294643
52.393524
47.666630
42.950478
38.245419
33.551548
31.970106
30.402704
31.572605
36.180008
36.475170
28.369415
27.226500
25.855913
24.934748
25.843864
30.744766
30.510027
31.678726
32.949001
33.109863
34.603493
39.714245
36.742268
27.599663
31.762211
33.885754
44.120895
38.948956
33.783443
40.151562
44.249401
47.626728
51.011227
45.735497
40.474007
43.863064
35.737247
39.130341
33.898251
37.298553
32.077679
35.485836
38.902538
42.327805
45.762314
49.206078
52.659107
56.122303
50.908478
54.380707
57.863068
61.355766
64.859230
59.651134
63.163864
66.687614
61.483418
61.800175
53.882618
49.156574
44.441303
39.737148
35.043983
33.480862
30.408184
30.611057
35.218742
35.525410
35.909081
26.640173
27.311625
28.075230
28.933950
29.889851
29.667192
30.842751
32.118786
32.286388
33.782612
38.888275
35.923676
29.437105
28.704996
33.060425
41.376270
36.707367
34.846844
39.202782
46.187122
49.568401
44.280453
47.666939
42.391472
45.783859
49.183914
41.033878
44.437958
39.189945
42.601528
46.021378
49.450165
44.211807
47.648785
51.094975
54.550377
49.320877
52.785297
56.259571
59.743908
63.238724
66.743790
61.518227
65.032730
59.812717
63.336334
58.119797
55.380844
50.655785
45.941406
41.238060
36.545616
35.000851
30.321600
29.658855
34.266823
34.584938
34.980068
27.247860
26.434132
27.208570
28.077381
29.042345
28.831255
33.784843
31.295000
36.319706
36.535984
38.068302
38.542736
36.909317
30.129036
43.323738
38.310062
33.901909
36.088097
39.457577
42.833679
37.547436
40.928570
44.317108
47.712849
51.116257
42.945717
46.352852
41.089745
44.504150
39.251995
42.673820
37.431725
40.861015
44.299694
47.747303
51.204277
45.967789
49.433140
52.908440
65.130226
68.637138
63.394367
66.910217
61.672977
65.197906
59.964211
56.887985
47.935745
43.236458
42.747818
38.056103
36.529694
31.851095
30.342644
33.323750
33.653255
38.304859
30.378975
29.636328
26.349562
27.228056
28.202013
28.002048
32.952591
30.477188
35.498058
35.719975
37.253998
37.730564
36.099392
33.620354
38.871246
36.597359
36.062309
37.633713
40.249905
36.140987
36.096741
39.474487
42.858765
46.250683
49.650021
41.463345
44.865635
48.275841
42.997940
46.414955
41.147694
44.571888
39.314419
42.746292
46.187054
49.636925
53.096104
47.843433
51.310734
54.787922
58.274734
61.771805
65.279083
60.026470
63.542099
58.293644
61.817291
53.647964
49.429718
44.731300
40.043224
39.575432
38.067379
33.389324
31.899384
32.389359
37.009647
37.381760
37.831711
28.762506
29.501865
26.687868
27.368265
27.179129
32.126694
29.665123
29.851412
34.909504
31.793354
33.499710
35.294315
32.814381
33.783253
39.061272
44.348705
49.644661
38.926167
37.043110
36.592281
38.953400
34.847851
38.027866
41.408997
44.796661
48.191963
51.594685
43.387779
46.793175
50.206470
53.627880
48.333954
43.051422
46.478237
41.205223
44.639469
48.082565
51.534718
54.996117
49.727100
53.196602
56.675690
60.164341
63.662949
58.395435
61.902328
65.419388
60.153744
63.678802
55.486588
50.932152
46.234619
41.547348
36.870422
36.423840
31.755318
31.185398
35.775692
36.083954
40.716038
41.130444
33.345863
28.645832
29.485706
27.209360
27.220251
27.562761
28.858612
29.050417
30.554661
30.996071
32.701504
30.064732
32.012665
37.252014
38.248795
43.530235
48.820301
44.614082
36.100666
38.536785
41.910461
36.588669
39.966434
43.350964
46.742031
50.140728
41.919182
45.320045
48.728561
52.144955
55.569439
50.260460
44.962738
48.392406
51.830681
46.540565
49.986012
53.440456
56.904320
51.619022
55.090279
58.571289
62.062012
56.779461
60.277924
55.000118
58.506096
50.305061
53.814217
57.149551
52.442837
47.746204
43.059746
38.383553
37.960587
33.292622
31.824902
34.847176
35.166302
39.798431
40.223545
32.471828
27.953871
28.646038
28.946709
28.977201
30.492569
31.732841
33.066849
33.303902
30.203260
35.323532
33.697834
31.215216
36.448853
37.440609
42.716309
48.000618
43.324863
39.189415
37.011883
39.510117
43.861156
38.531075
41.912243
45.300175
48.694645
40.459110
43.855694
47.259701
50.671341
45.351112
48.768845
52.194462
55.628403
50.314182
53.754829
48.449581
51.897156
55.354130
58.820019
53.518738
56.991993
60.474934
63.967289
58.668251
62.168549
56.873951
60.381306
52.157536
55.667828
58.667297
50.745281
46.060242
41.385147
39.904758
35.239559
34.943546
33.669022
38.241734
34.256538
34.661259
35.143757
31.605011
30.960211
28.416878
28.761423
29.801754
29.683859
30.929047
32.266701
32.508453
29.414713
34.530285
32.905842
30.785681
35.649773
36.636505
41.906609
47.185303
42.043003
37.910843
38.620594
38.585171
42.939774
47.300758
43.865086
47.256428
50.654305
42.399406
45.799149
49.206306
52.621075
47.286835
50.707253
54.135750
57.572540
52.243343
55.686600
59.138779
53.815998
57.275063
60.743202
55.425808
58.901295
53.590305
57.072880
60.564713
55.256241
58.755314
62.264282
54.017815
57.529484
60.192989
52.255222
47.571068
42.896774
41.433941
36.769287
34.006531
32.745758
37.318829
33.354408
37.986626
34.262821
34.835949
30.113609
30.133762
28.953970
28.989496
28.880188
30.130077
31.471388
31.717247
30.039137
30.332066
32.117767
32.636257
34.854584
35.836197
41.100838
46.374046
46.519417
41.431847
38.004459
37.937927
39.055592
42.436779
45.824760
37.562466
40.951393
44.346878
47.749786
42.405827
45.813671
49.229382
52.652714
56.084099
59.523731
54.179432
57.625519
61.080257
55.741886
59.203270
53.872345
57.340462
60.817738
55.490765
58.975109
53.652596
57.143673
48.889156
52.382839
55.885925
59.398533
61.726082
57.022358
49.089558
44.416080
42.970551
38.306789
33.653057
37.616402
42.165871
36.711040
41.324524
37.548378
33.972305
29.648016
31.856539
30.691656
29.563047
29.654167
29.335897
30.680445
30.930389
32.471432
32.956139
31.333420
34.490479
34.063179
35.039680
40.299000
45.566856
39.385246
41.944279
53.113758
48.119820
43.035618
37.957386
37.636894
41.015083
44.399673
47.791065
39.510338
42.902233
37.549564
40.945705
44.349308
47.760345
51.178772
54.605022
58.039284
52.682415
56.122692
59.571388
54.219902
57.674820
61.138519
55.791843
59.262264
62.741558
57.398449
60.884579
55.546009
59.038639
50.761898
54.256901
57.761230
61.275005
55.937176
55.297894
50.615528
45.942871
44.514839
39.851521
35.198479
36.694988
41.244850
40.079636
40.426815
36.670971
33.115154
31.343624
33.584717
32.434589
31.319712
31.428423
30.395008
29.893871
30.147545
31.689291
36.765518
37.287533
35.713348
33.275295
36.177540
36.362953
37.310902
38.780369
41.123856
51.841934
47.726318
43.616402
39.512585
39.599445
42.981258
46.369251
38.076485
41.510197
37.472004
39.493713
42.893082
37.534431
40.938049
44.349567
47.768269
60.001331
54.629761
58.072460
52.708557
56.157303
59.614597
63.080612
57.718506
61.190788
64.672318
59.313168
62.801075
57.446552
60.940735
52.642071
56.138168
59.643974
63.158703
57.804375
56.830238
52.148781
47.476952
42.814602
38.161919
35.604496
35.780834
40.331089
44.891438
43.773960
39.966938
36.354549
33.045155
35.318275
37.714687
33.081017
33.207218
32.185066
31.197325
31.469021
34.410107
35.983055
41.065613
38.261593
33.589443
34.140640
35.567604
36.721245
37.970825
40.307045
46.464115
42.357567
38.257130
39.605564
43.961689
48.324108
40.034107
40.255352
38.049183
41.855469
37.845417
39.474518
42.880959
46.295044
40.926754
44.345898
47.772621
51.207321
54.650166
49.280293
52.728962
56.186108
59.651897
63.126259
66.609581
61.234718
64.724419
59.353775
62.849747
54.529026
58.026684
61.533520
65.049660
59.678894
58.369694
53.689144
49.018257
44.356659
39.704639
35.062263
39.210842
43.743839
43.985023
48.555588
39.092979
35.499989
45.229305
40.576244
44.267101
39.622829
34.990120
30.649982
31.948185
33.333000
33.631058
35.204220
40.282753
40.840958
39.313652
36.921444
42.142529
35.922493
37.164791
39.493828
47.697529
42.642822
40.161034
38.705025
41.565899
38.609650
41.997704
39.006798
40.003052
40.605782
38.018478
41.420742
44.830227
48.247105
42.864658
46.286400
49.715683
53.152897
47.771175
51.213619
54.664547
58.123890
61.591595
65.068260
68.553589
63.162895
66.654373
49.451736
52.933056
56.422817
59.921803
63.429905
58.046883
61.560314
56.176552
51.952145
50.566250
42.641964
38.000645
38.144444
42.650864
47.166718
47.377743
47.656227
38.225357
34.651501
36.464508
35.298695
37.692379
36.617241
31.990843
32.153374
31.167608
32.554764
32.855537
34.428806
39.503422
40.061398
38.533531
36.138294
41.354622
42.374176
38.397736
49.303921
44.252392
42.138493
44.032993
40.320580
40.576313
43.967545
47.391380
43.373486
49.034214
45.041267
43.373386
37.983353
41.392506
44.809063
48.233170
42.842609
46.271637
49.708324
53.153294
56.606472
60.068016
54.670647
58.137589
61.613167
65.097511
68.590767
51.349510
54.832085
58.323254
61.823799
65.332939
59.933727
63.448231
58.048508
53.490143
45.561535
40.922085
39.540752
37.232136
41.739174
46.255451
46.475719
51.028774
45.718712
42.017452
34.470177
33.546505
32.399818
31.807989
33.763088
34.017136
32.956287
32.002117
32.312977
33.656567
38.727474
35.929558
37.756535
35.358150
36.341324
41.584290
37.715588
40.880955
43.218849
46.967594
41.933716
40.825382
43.134724
39.160851
42.548840
40.560593
46.148155
42.133373
47.790077
43.799854
45.331810
39.928352
43.340157
46.759331
50.186020
44.781418
48.212833
42.813137
46.249222
49.693295
53.145508
56.605999
60.074917
63.552410
64.385277
64.222023
65.115494
65.166168
60.230373
63.732037
66.462997
66.349182
65.342926
63.028870
58.351070
47.091030
42.452309
41.087479
36.456669
40.834103
45.350811
45.580254
50.133541
44.844711
41.161980
33.641827
35.267723
33.919201
33.032955
32.080303
33.232449
33.250431
34.588699
34.136391
33.256832
37.954750
35.158340
36.982624
37.801876
39.788151
40.797409
42.935562
43.416721
45.400833
48.571751
43.541023
42.449741
41.907661
41.135685
43.363022
39.326851
42.500469
40.898899
40.482010
43.885773
47.296303
41.879288
45.293736
48.715523
43.300095
38.322048
41.315399
44.745880
48.184151
51.630367
55.084667
58.547195
59.550201
59.371391
59.201057
59.039650
60.135891
59.990269
61.548069
61.417553
60.219551
62.472656
62.366550
62.269329
59.917866
48.627010
43.989025
42.640652
38.010544
39.935478
44.452614
44.691151
44.997318
43.976826
40.312206
33.532921
36.993736
33.114109
34.786449
33.727081
32.697521
32.908806
33.815910
35.962849
35.090355
37.185081
34.688717
36.211433
37.027264
42.212708
43.487106
42.146042
43.244164
43.142178
43.142178
