36.771797
40.524868
43.326836
40.468048
45.292484
47.930260
50.578976
42.635956
39.728489
36.831337
36.203041
38.116768
37.741951
44.678135
41.996571
39.027798
36.069206
37.166378
52.098343
39.914364
37.004116
35.458683
38.119114
37.166828
35.016186
36.928818
39.622635
42.328045
53.977402
54.774147
52.038933
49.314709
46.601463
43.899406
50.936817
48.258495
44.210102
41.948166
44.527889
37.920776
42.264648
39.282104
48.951393
45.995918
38.680977
40.116722
37.193081
34.308578
36.955719
38.029697
35.154579
35.732147
34.527077
36.776302
36.553761
36.508301
40.833332
45.169689
51.816135
54.819901
52.073662
49.338387
46.614292
43.901604
41.199848
48.245438
45.568157
45.675613
48.494751
51.324669
54.165516
40.936188
43.502369
36.885021
39.460911
39.554714
36.569004
46.242813
43.283958
40.196640
37.398922
34.472828
35.808575
38.453400
35.308456
34.550606
37.218601
39.118546
35.517330
33.833248
38.697945
42.654320
46.100189
49.942741
52.119915
49.373184
46.637840
43.913883
41.201313
38.500103
35.810452
35.033482
47.141518
49.961884
52.793674
55.636353
58.490032
37.401402
39.943901
36.335381
35.868740
38.430641
41.002815
36.846790
33.910973
43.535229
40.573338
41.713665
34.682259
34.678364
37.309532
39.951733
33.384892
36.039089
38.705227
41.383190
40.107700
34.368942
32.959682
36.872707
40.317738
44.175865
47.629940
46.672718
43.937305
41.213493
38.501503
35.800861
33.707932
36.493633
48.607605
51.429249
54.262741
57.107319
59.963085
36.443909
38.972301
41.510567
34.872540
37.420300
39.978245
42.546581
34.140041
35.438900
38.025406
40.622704
43.231426
45.851540
36.182804
38.811069
32.760704
34.875992
37.528275
40.192478
42.441658
33.235821
33.394108
35.219013
34.029331
34.535240
38.408844
41.862408
43.972240
41.236759
38.513096
35.801247
33.101196
35.167152
37.953869
50.073624
52.897060
55.732094
71.105591
73.982086
86.325478
38.021713
40.545883
43.079567
36.430271
38.974060
41.527927
44.092312
34.396690
36.968410
39.551331
42.145424
44.750885
47.367916
37.687962
32.951012
33.730110
36.367935
39.017773
34.199596
32.042118
31.950327
35.319481
32.504551
38.568565
35.030487
32.642117
36.095154
39.560139
38.536236
35.812725
33.101486
33.850628
45.925560
48.726933
51.539848
54.365124
57.201996
72.584930
75.463829
81.455261
84.991982
92.495186
96.294891
100.284355
39.602444
42.122047
44.651482
47.190979
40.530136
43.079800
45.640099
35.931751
38.499832
41.079041
43.669361
46.271446
48.885056
39.194118
32.601536
35.224983
37.234749
34.353592
31.484798
32.997829
35.434898
32.606251
32.324963
39.910629
37.123192
36.110744
32.601177
33.792419
35.835705
33.112354
32.544884
35.309372
47.389305
50.191902
53.006500
55.833237
58.672012
68.537529
72.173080
75.655708
79.178955
82.786079
86.578743
90.443764
94.425583
41.186253
43.701168
46.225990
48.760975
42.088665
44.633987
47.190304
37.468727
40.032593
42.607960
32.914337
35.498219
38.093815
31.491741
34.100235
36.720848
34.525105
31.641474
32.346535
31.361818
32.723713
31.114632
33.795471
37.205109
34.416462
40.636257
37.126118
33.628567
31.501711
31.250156
38.101849
41.631886
45.174488
48.729683
52.297260
55.877247
59.469501
62.746490
66.190430
69.666962
73.276138
76.951866
80.735168
84.595108
88.569725
84.580048
56.969269
45.075768
42.545189
56.669350
73.285118
45.283600
47.803459
50.333805
43.649765
46.190617
48.742359
39.007713
41.567677
44.139072
34.433167
37.013355
39.605442
32.994530
35.599865
38.217304
31.816113
31.188854
30.617805
32.857307
30.012577
40.116688
37.301701
34.499451
31.710011
38.680199
35.919060
33.170464
30.434666
31.195736
32.726006
36.241219
39.769073
43.309696
46.599697
50.100899
53.695213
56.955860
60.161324
63.852703
67.454002
71.119362
74.893806
78.748955
82.716949
81.889999
54.287560
42.400799
39.874928
58.373711
75.012917
78.249969
37.668068
40.172874
42.687874
32.948902
35.471394
38.004463
40.548824
43.104515
33.389065
35.953575
38.529938
41.118385
34.498425
37.100258
39.714855
30.049147
31.701912
33.008369
30.148701
40.243755
37.414291
34.597717
31.794136
29.804384
35.980740
33.218754
30.469803
31.424706
34.165180
32.261494
30.411652
33.177505
37.545395
41.099979
44.324951
47.534756
50.928970
54.344852
57.909985
61.633259
65.288734
69.088829
72.905556
76.867393
79.203590
51.610340
39.730450
43.499390
60.084171
76.746712
79.988060
96.745308
100.015610
36.276043
33.193893
31.999548
34.506351
37.024025
39.552395
30.635782
32.366493
34.915306
37.475670
40.048054
42.632721
36.003288
32.221657
29.304598
31.537748
29.406809
30.302299
30.218794
37.543526
34.711918
31.893911
38.846157
36.057034
33.281353
30.518715
37.566189
34.832237
32.111427
29.403759
31.866766
29.985470
32.202282
35.742119
38.906792
42.148186
45.376671
48.790073
52.227772
55.814159
59.460022
63.232964
67.023857
70.897865
75.027504
61.442608
37.065395
45.191608
61.800316
78.486755
81.732910
98.513786
101.788063
33.613785
31.073212
33.564709
36.066658
38.579357
41.103100
31.366667
33.899353
31.501316
29.800198
32.357502
34.927299
32.454803
29.521414
30.421312
29.672482
30.474512
29.061707
31.695459
34.843395
32.010010
29.190050
36.149254
33.358879
30.582006
37.621765
34.874184
32.139790
29.419050
30.567677
37.145905
34.466724
31.221865
29.280155
33.550163
36.730682
40.327953
43.237595
46.417263
50.131706
53.740223
57.410999
61.194572
65.065376
69.183022
58.771744
43.753353
33.521152
50.096390
66.751770
83.484062
86.742706
90.009201
30.955015
32.647331
35.133499
34.397720
31.343050
30.390160
32.906532
31.818838
28.814354
31.320219
33.873196
36.438866
29.759422
29.325237
30.494514
30.666540
27.923532
30.541389
33.172810
32.143631
29.308376
36.257446
33.452290
30.660610
27.882730
34.930317
45.313660
42.581604
39.862965
37.157749
42.674377
39.254585
35.847984
32.454414
28.942865
31.375208
34.572762
37.849586
40.877365
44.326393
47.928757
51.688938
55.368397
59.340023
63.342854
56.105637
41.096027
35.205547
51.805092
68.485245
85.241974
88.505287
91.776451
95.055412
40.975109
37.884163
34.803291
31.732582
29.437719
31.937649
32.159672
29.138813
30.305599
32.841938
32.985508
30.019344
28.250952
30.823441
27.543207
31.793869
29.406767
32.021671
34.650421
29.444487
27.650457
33.562298
30.755476
27.962433
29.116045
32.238728
42.633675
39.901222
37.182480
34.477459
41.684856
39.008102
36.344975
33.695183
33.446609
29.964033
28.817959
32.083691
35.338528
38.784698
42.258411
45.884174
49.545166
53.410679
57.507076
53.444557
38.444454
36.896057
53.520557
70.225426
83.566528
88.213928
91.689201
95.762054
100.476120
38.330429
35.233742
32.146961
29.070871
30.993469
33.487766
29.487431
29.315172
31.834429
33.285366
30.301687
27.331020
30.972029
27.867172
28.185486
28.293108
30.891012
33.502609
36.128563
26.745735
29.118769
30.867424
28.058632
27.891722
30.574755
29.547216
39.953831
37.220966
34.502346
31.797527
39.014687
36.338589
33.676414
31.027870
36.436852
34.584503
31.131321
27.750933
29.968163
33.245945
36.714615
40.213921
43.764111
47.588951
51.559357
50.788734
35.798439
52.020676
55.242409
71.972809
77.728600
81.790710
86.458565
90.550461
94.649628
99.259705
38.802116
35.689667
32.586838
29.494425
30.074732
32.552204
29.861017
28.349792
30.851555
33.609291
30.608309
27.619970
28.708519
27.559923
28.424644
27.201244
29.781683
32.375851
34.984447
26.904020
27.951365
30.587196
28.172812
26.684088
29.351423
32.033527
26.856005
37.274151
34.541077
31.822121
39.034004
36.344551
33.669373
31.008194
28.360949
28.614880
39.091106
35.740791
32.292992
28.974422
27.874466
30.933565
34.423645
38.069294
41.771152
45.738903
48.138447
33.158482
40.295410
56.971130
67.330872
71.898071
75.964943
80.631187
84.727585
89.319458
93.440277
99.013519
36.171604
33.052803
29.944118
29.182131
31.642757
34.114346
27.409851
29.894207
32.390644
30.939695
37.614525
33.382362
28.759317
31.284914
35.460800
28.694597
31.271086
33.861805
27.083258
26.804132
29.422655
32.055984
25.495178
32.505829
29.710661
26.930313
26.960070
34.594872
31.861118
29.142271
36.363735
33.674908
31.000450
28.340313
27.288263
30.069582
42.162003
40.250473
36.835812
33.512993
30.225286
27.011406
28.893898
32.277435
35.945000
39.833469
43.830338
30.524885
42.005283
57.023640
61.509106
66.075539
70.147202
74.811821
78.912727
83.503967
88.315857
93.191727
45.540306
33.545399
30.420534
28.316322
30.760122
33.214592
35.680325
28.963251
31.441946
33.932625
28.272640
34.624512
29.983501
26.175232
33.509056
36.046547
33.111759
32.761612
27.284407
25.678268
28.278908
30.894690
25.614246
32.630924
43.001549
40.207779
37.428974
28.415421
31.915787
29.181555
26.462364
33.693977
31.005562
28.331861
25.973377
28.741966
31.524803
34.322208
44.760681
41.429600
38.059353
34.755333
31.499516
28.323904
26.631470
30.142212
34.030491
38.025997
30.430834
43.721981
46.946384
55.240311
59.749199
64.337593
69.000740
73.106148
77.696869
82.506065
47.168186
30.924438
27.792879
29.904968
32.342361
34.790703
28.059465
30.520369
32.992962
28.638027
25.720522
31.233389
26.586773
26.300112
35.735199
33.372913
30.433737
27.508648
24.597960
27.157394
29.754583
32.367027
25.792135
29.946575
40.328064
37.532349
34.751949
29.870876
29.236660
26.501928
25.692781
31.024500
41.648262
38.975689
36.317741
33.674347
32.980793
35.780128
38.593971
45.943695
42.593956
39.308205
36.072067
32.923367
30.040182
27.367493
28.232470
32.227108
36.496784
35.343548
45.014713
49.439671
53.483875
58.015602
62.625404
67.308350
58.063679
38.918491
41.341694
43.774887
33.929310
36.370644
29.626736
32.081215
34.547493
25.982677
27.255268
27.844875
26.501221
25.580076
33.659218
30.700996
27.756994
24.827351
26.058987
28.637222
25.948809
24.646809
27.259306
27.262438
37.655312
34.857555
32.075256
31.326210
26.557756
24.435793
27.144491
28.355339
38.993767
36.321770
33.664742
31.022614
34.437149
37.238739
40.055172
50.458645
47.129753
43.862347
40.646381
37.525146
34.691074
32.072945
29.658321
26.975113
30.490555
32.674580
38.964836
43.247398
47.281700
52.228535
56.308559
60.938862
35.267967
32.129250
33.096806
26.336403
28.761791
31.198193
33.646030
26.385191
26.321665
29.130247
24.615673
24.594343
33.971577
30.994658
28.031137
25.082090
24.985218
27.544180
30.118038
23.523918
26.117401
28.726997
24.578781
34.983097
32.183201
29.399145
26.631075
23.879095
25.887850
28.596182
25.686527
36.339588
33.668419
31.012360
28.371561
35.894150
38.698105
41.517250
53.693531
51.666756
48.418060
45.222580
41.959190
39.052483
36.370110
34.428272
31.783512
28.559502
28.895868
33.183304
37.202873
41.231232
45.556438
49.612621
54.130779
58.727306
32.667294
29.521585
34.700356
27.926218
30.344629
32.774097
35.215057
25.417482
27.869400
25.754025
24.312939
26.118193
31.314993
28.332081
25.363247
32.231876
29.296980
26.376787
23.471897
24.999161
27.589191
24.733709
23.630762
32.311230
29.509079
26.723173
33.927181
31.175373
28.439999
25.720888
23.558363
33.686253
31.015490
28.360670
25.721266
25.013868
40.158264
42.980255
45.817795
56.204987
52.975323
49.800716
46.542919
43.683960
41.055466
38.272243
35.982151
33.381245
30.666033
28.911919
31.435499
35.469761
39.512394
43.858925
47.928299
52.973091
31.520626
33.909870
27.120640
29.521246
31.932463
27.278234
24.542694
26.975960
27.078119
24.698402
25.170286
27.644768
28.661049
25.671888
22.917158
29.569256
26.628906
23.704010
23.905586
26.475386
29.061321
22.487524
25.094784
39.618565
36.816620
34.030674
31.261354
28.508343
25.772192
23.052740
25.009869
31.033344
28.363472
25.709494
23.699486
26.470461
41.619297
44.444271
47.285160
60.744686
57.534401
54.381115
51.345654
48.318863
45.745316
42.999092
40.326771
37.567265
35.009998
31.969240
29.865440
29.400797
33.433720
37.821972
42.189022
46.271091
33.150219
35.532543
28.728603
31.121794
27.770084
24.659742
26.112814
28.538586
23.715895
24.252321
26.706776
29.174726
26.009712
23.014479
24.422804
26.908684
23.963078
22.838406
25.387369
27.952692
30.534769
23.955442
29.793337
36.959705
34.154964
31.367102
28.595840
25.841784
23.104818
23.751577
31.067381
28.381374
25.711973
23.059343
25.155331
27.928022
43.081474
45.909592
48.753773
60.983650
62.008198
58.963776
55.717949
52.727097
50.440033
47.731350
45.098255
42.370415
39.853275
32.381805
29.975119
27.577333
28.427971
31.747570
36.159775
40.546589
44.640888
34.786926
37.161472
31.432541
28.293304
34.861862
31.750374
27.687859
26.893183
28.686977
32.450539
28.246971
30.707872
23.361658
23.439812
27.217295
24.250328
21.799374
24.326927
26.870567
29.431170
22.841145
25.424232
27.126577
34.301559
31.494345
28.703991
25.931150
23.175751
22.511219
25.203859
28.415880
35.820255
33.151127
23.853893
26.611881
29.386843
32.178146
47.375862
50.223961
62.461132
66.556129
63.402733
60.309635
57.349785
55.139816
53.571106
50.370514
47.180984
41.623539
29.808144
27.408178
28.410130
33.365128
30.206930
30.443129
34.831799
38.931450
28.847969
35.397419
32.267651
29.148407
26.040205
22.943556
30.965990
29.827494
29.791166
32.244705
34.712605
24.957500
24.567673
21.594368
32.458004
34.990913
37.540722
30.910923
30.173595
27.308598
24.460796
31.644674
28.834606
26.041862
23.267111
21.290319
23.964407
26.656872
25.765179
33.182339
30.513741
25.309746
28.069664
30.846550
33.640663
36.451561
51.695404
63.940536
71.106255
67.974091
64.904373
62.246025
59.845249
57.850445
55.181408
51.999348
48.827869
36.648327
26.896067
30.150566
38.311813
36.004547
33.505291
31.249540
33.687035
38.319714
26.270220
32.816933
29.679420
26.552174
23.147915
24.083595
30.279648
27.208941
31.339874
33.785728
36.245884
26.478416
21.920975
22.294069
24.793358
27.308912
29.841726
23.233435
27.517159
34.668228
31.819723
28.988890
26.175583
36.810265
34.035503
31.278458
25.418156
28.110197
23.115143
21.296806
24.022734
26.766617
29.528332
32.307713
35.104324
37.918381
53.168427
56.041214
75.658592
72.548088
69.502327
66.897087
64.556458
62.635849
59.455143
51.452946
49.057716
34.086796
28.639307
31.900566
43.268513
41.001274
38.532818
36.315575
34.119873
32.624687
23.699242
30.243050
27.004683
23.489458
23.275864
25.661362
27.673986
24.594988
32.893219
35.330818
37.783329
28.002600
21.325031
23.801380
26.293739
20.292765
22.181646
27.754004
24.862585
32.021469
29.168833
26.334324
23.517832
34.167618
31.390589
28.631775
25.891348
23.169645
20.466290
22.752747
25.479317
28.224586
30.988197
33.769974
36.569683
39.387066
42.221581
57.520714
69.819000
77.125168
74.104012
72.041473
69.273994
63.147324
60.741398
48.877373
46.489849
31.534830
30.392498
33.660553
48.235416
46.725109
44.553078
42.402393
40.268394
37.091881
30.840599
27.676416
23.712566
25.809076
24.868427
27.245119
29.634184
32.036045
34.451351
36.880787
39.325050
29.530598
22.842783
25.311775
20.597467
21.160778
23.670658
25.106527
22.209555
29.376247
26.519470
23.680845
20.861206
20.373676
23.005323
25.656792
23.244528
20.521830
21.500946
25.275969
22.609142
20.505610
23.253349
26.019310
28.803520
40.857327
43.695808
46.551964
61.902409
81.538956
78.709435
76.732979
73.998428
60.558132
58.160210
55.773640
43.931446
28.993155
32.156128
35.431004
52.363880
51.769108
49.636166
47.523708
44.359959
42.254040
28.289986
25.117264
21.954256
24.111151
26.467495
28.835537
31.215704
33.608448
36.014908
38.435577
40.871204
31.062948
24.364258
26.825510
20.173534
22.658957
25.381710
22.461302
29.613012
26.733185
23.871559
21.029043
19.225569
21.834833
24.464293
27.113741
20.598896
20.269522
22.958740
22.643566
19.977398
21.967815
24.717302
27.485758
30.272516
42.329525
45.172417
48.032970
63.392059
86.106339
83.084023
80.132393
78.730194
57.978035
55.588757
53.210289
41.383263
26.461834
24.102047
37.212605
59.196728
56.824734
54.731010
52.656456
49.497028
47.427521
27.904343
22.566063
23.295668
25.726521
28.073992
30.432859
32.803577
35.187309
37.584324
39.995838
42.422417
32.599567
25.889811
28.342909
30.813105
24.160082
22.745127
29.881041
26.977226
24.092014
34.718395
31.875971
20.691101
23.297388
23.463760
20.699232
19.059954
25.402832
22.697727
30.218391
27.551056
24.902719
22.273296
19.779335
22.549810
25.339043
28.145836
61.973053
64.884804
77.251152
87.679680
84.755463
82.975426
68.062241
65.684883
50.656937
38.845413
36.491215
25.497511
52.692524
64.232689
61.892380
59.837658
58.948284
55.777645
52.612816
51.459179
27.691860
21.692009
25.022425
27.349892
29.687994
32.037392
34.398781
36.772694
39.160332
41.562283
43.979153
34.141327
36.578022
29.864304
32.325954
23.063881
20.111845
27.254288
24.344313
34.960121
32.094204
29.247234
22.158144
24.761019
20.824478
18.057718
25.499664
22.774002
30.290745
27.604212
24.937300
22.289961
19.662317
21.251944
24.025053
26.817205
29.627851
63.462364
66.380463
78.758224
92.279999
89.383888
87.697495
78.217545
63.123169
48.113972
36.318718
33.972469
27.276630
54.522041
70.111786
68.104782
66.115089
64.137924
60.971001
58.991806
56.714523
54.737480
24.432917
24.070839
26.664074
28.981834
31.310299
33.649921
36.001434
38.365612
40.743031
43.134991
33.277378
35.688225
28.954632
31.390081
24.709885
20.441322
27.565693
24.630796
35.233936
32.343792
29.472778
26.620995
23.627073
26.226078
18.187279
19.339430
22.874022
20.147165
27.679335
24.992643
22.326180
33.375263
30.745026
28.133595
25.541245
28.298363
31.112827
52.492897
67.879539
80.269432
96.885422
94.018303
91.780052
85.241173
73.290054
70.944740
43.239807
31.465761
29.067982
42.627289
75.199371
73.231956
71.280449
69.340210
66.176842
64.232834
61.064205
58.806171
28.550961
21.184267
26.016455
28.314890
30.623165
32.941505
35.271057
37.612358
39.966213
42.333458
32.455074
34.840492
37.241005
30.494810
32.920700
26.230425
17.822924
24.953102
22.010651
32.627045
29.731014
26.854139
23.997478
21.161146
18.345875
18.185072
23.000471
20.250631
17.522505
25.070305
22.383671
19.717459
30.789015
28.159763
25.550322
22.960045
29.782997
32.601265
35.439075
56.887146
72.332756
97.490944
98.343605
96.485275
82.673141
70.739037
68.403671
40.729118
28.971252
30.871908
44.457405
75.368164
78.372292
76.458862
74.555244
71.395279
69.486206
66.320511
64.088341
25.316368
22.587509
27.686989
29.975964
32.274315
34.582500
36.901695
39.232231
29.329382
31.675844
34.035770
36.410324
38.800461
32.040825
34.456631
27.755810
18.080652
22.344652
19.394670
30.024395
27.121674
24.239054
21.376747
18.535828
17.060598
23.155308
20.381651
27.902956
25.172953
22.464382
19.777344
30.854109
28.206051
25.578302
22.970716
20.382864
19.055021
21.849188
24.662107
27.493570
61.317310
86.305260
102.970665
100.726463
80.115341
77.779785
65.873909
50.854767
26.489801
32.689224
35.997314
77.267632
82.289848
80.391075
78.505035
76.626564
74.752144
71.589226
68.431290
66.217033
63.055912
22.093706
25.016998
29.368401
31.647522
33.935745
36.233772
38.542332
40.862011
30.940174
33.275475
35.624352
28.833727
31.205330
33.593285
18.625885
17.178852
19.603111
19.741238
16.783041
17.930511
24.516596
21.627415
18.759571
26.162397
23.341537
30.831318
28.056080
39.074013
36.342827
33.632469
30.942850
28.274490
25.626926
33.354660
30.744934
28.154575
20.551029
23.348850
26.165928
29.002241
62.832569
87.840034
107.604881
102.455200
90.414772
75.243660
63.355965
48.357773
46.056580
31.137894
24.125298
65.308197
82.531311
84.308708
83.713646
81.870865
80.030846
76.870522
73.715118
70.564629
67.418594
63.053909
59.933022
20.505171
28.800640
31.061609
21.110229
23.380093
25.659634
27.948887
30.248867
23.420937
25.739288
28.070484
30.415920
32.776196
35.152832
16.320536
18.716705
21.131140
17.143127
16.968716
19.434986
21.915966
19.020058
16.145855
23.561359
31.040508
28.240353
25.461725
36.501938
33.768860
31.057259
28.367290
25.699022
23.052221
30.798244
28.190121
25.601933
22.051939
24.853378
27.675049
30.515984
45.708778
79.887611
112.246994
109.526718
87.869316
85.555145
70.416306
58.555519
43.582417
41.298187
25.951914
53.365253
84.463867
89.460335
87.627159
85.802719
85.322594
82.164680
79.011627
75.863434
72.719650
68.327354
65.208855
26.010429
21.278650
20.543592
22.795202
25.055069
27.323835
29.602448
31.891258
25.046518
27.353500
29.673346
32.007046
34.355698
27.597038
17.875452
20.261057
22.665108
16.050079
18.486788
20.944489
19.320286
16.417227
23.817982
20.964659
28.458014
25.653568
36.692066
33.934856
31.199783
28.486650
25.796072
23.127901
20.482128
28.246931
25.640490
23.054585
20.489832
26.363461
29.189493
32.035511
34.901154
68.849548
93.976723
113.805069
95.022316
83.033005
67.916008
56.074104
41.122597
38.847015
27.793320
55.258369
86.411346
94.626518
92.830589
91.042068
89.256973
86.119171
82.986053
81.174751
78.033012
75.875252
25.333807
22.077061
20.016626
22.250994
24.492624
26.742371
29.000202
31.267742
24.399902
26.683571
19.872381
22.176010
33.607964
26.824478
17.081026
21.038427
17.995768
24.206129
17.583881
20.010807
22.459141
16.730074
15.402433
31.566029
28.712227
25.880619
36.914841
34.132816
31.373032
28.635853
25.921335
23.230110
20.561819
17.916897
25.701168
23.096493
20.512983
17.951229
27.879162
30.710238
33.561592
36.432796
61.015446
95.543190
117.635689
105.495125
80.523918
65.429764
53.607552
38.677677
36.410641
29.649904
57.166882
88.373894
99.807304
98.048378
94.938957
94.544243
91.408722
88.277863
85.151466
82.029305
78.911270
31.128584
32.738148
29.483784
26.235485
22.993265
26.203501
28.442595
30.689812
32.945877
26.060362
28.332104
21.505192
23.796940
26.101727
28.420677
18.664417
18.492144
15.438745
25.754753
19.124878
21.541651
23.979786
14.440435
16.914455
29.005291
26.145546
23.308643
34.365395
31.579493
28.816748
26.077343
23.361588
20.669458
18.001501
15.557778
23.161505
20.558460
17.977692
17.486971
29.401476
32.237389
35.094559
37.971828
40.868671
87.577507
115.094009
102.970512
100.685356
75.759659
60.696350
36.248913
28.189674
45.338646
59.091278
76.375626
93.724892
101.909744
100.174248
99.845367
96.711929
93.583084
90.458664
87.338425
84.222260
33.602386
30.334320
27.071299
23.813971
20.562332
18.785025
21.010113
23.242842
25.483875
18.624725
20.882128
23.150002
25.429749
27.721983
17.940519
20.258284
15.955790
15.923129
27.311636
20.673922
23.079687
25.507418
15.967355
18.974350
16.078051
23.585690
34.635349
31.822479
29.032951
26.266861
23.525105
20.807800
18.115175
15.447335
23.252878
20.628546
18.027678
16.244663
19.016565
30.930613
33.772064
36.634869
39.518700
42.422298
89.154289
112.564323
100.459259
98.186531
73.291336
58.251541
33.836884
19.739155
33.412239
61.032036
78.345657
95.722252
107.124138
105.424149
105.160210
102.028633
98.901588
97.185555
94.048836
90.916206
36.785881
32.294781
31.220907
27.944660
24.673082
21.406801
18.308474
20.516787
22.731640
24.953672
27.183313
20.306818
22.552319
24.808081
27.075293
29.354818
19.558218
21.863407
24.184233
26.521860
19.858826
22.232149
24.626020
27.042425
17.502102
16.415569
23.905830
34.945202
32.104656
29.287245
26.493656
23.724272
20.980030
18.261091
15.567480
15.889615
20.725979
18.102943
15.503897
17.778545
20.553904
23.352491
35.314537
38.183475
41.073929
43.984566
100.300629
110.047508
97.962105
95.702507
80.489418
68.601608
31.442179
29.199671
35.318737
62.989609
80.332008
83.707893
111.671638
109.271271
110.489159
107.359192
104.233719
102.548599
99.413132
96.281738
39.281075
43.068527
38.716209
25.569857
22.289865
19.014540
20.065041
22.263643
24.468311
26.679440
28.898108
22.003611
24.237299
26.480751
28.734936
18.910629
17.142553
14.467488
16.774611
28.112635
21.439356
23.800161
26.181892
28.586012
19.045177
13.865273
21.368238
32.428879
29.582661
26.760012
23.962151
21.189512
18.442648
15.721755
14.740812
17.415983
18.207127
15.585453
16.565567
19.320774
22.099751
24.902622
36.866051
39.741402
42.638538
57.923378
101.909164
117.426010
105.281693
93.234024
78.044792
66.177971
29.066071
26.831179
37.243294
54.500946
82.334831
85.714172
113.719940
114.519051
115.832253
112.703659
111.063332
107.924751
104.790337
101.659950
41.789734
45.570530
46.852615
33.087807
19.922373
19.653717
21.837666
24.026701
26.221294
28.422043
30.629328
23.715967
25.937994
28.168999
18.315506
20.568285
14.666741
16.098761
18.393124
20.703619
23.031986
25.379400
15.797751
18.186279
20.597847
14.106591
18.840136
15.953272
27.069809
24.242123
21.439537
18.663237
15.913604
13.627758
16.275246
18.343243
15.697167
15.380936
18.113956
20.872204
23.654964
26.462309
38.427059
41.309338
44.213665
59.506683
93.951599
114.933899
102.809067
90.782585
75.618149
63.772724
39.303562
24.481493
28.786169
56.474758
70.331070
87.737343
115.784271
119.181396
119.665092
118.062141
116.451889
113.314156
110.180573
108.159424
47.700310
51.468739
51.864712
30.746737
19.281446
21.452366
23.627216
25.806883
27.991583
30.181650
32.378113
25.445478
27.655617
29.874113
20.001596
22.241396
15.477775
17.744640
20.025867
22.323143
13.449750
15.029874
17.384918
19.761335
13.247537
19.242872
16.322840
27.425951
24.567564
21.734362
18.927048
16.146887
23.939262
21.213844
18.514553
15.842485
23.752531
21.127037
18.526752
22.433762
25.220472
28.032478
30.868113
33.727192
45.799862
61.102142
82.900185
112.458160
100.354187
88.349777
73.210953
61.386993
36.952389
22.151339
30.727793
58.466827
61.841717
75.726974
107.264778
121.263527
123.482018
121.900085
120.312469
117.194519
115.583908
50.223637
53.986038
54.388889
28.421804
25.131264
21.844242
25.434544
18.464237
20.638224
31.960241
25.001848
15.618460
17.279800
19.487799
21.704645
23.931803
17.152685
19.406548
21.674543
23.957735
14.320491
16.643070
18.985313
21.349491
14.832550
16.745993
13.817348
24.941456
22.076574
19.237598
16.425550
13.641112
21.453018
18.725464
16.024944
13.352581
21.283365
18.659079
16.060329
14.998631
26.797338
29.614191
32.455330
35.320492
47.398666
62.710495
84.529205
110.000366
97.918335
85.936584
70.824043
46.302246
34.621925
32.420208
32.689243
46.500248
63.855843
77.761688
109.345627
123.361252
128.808807
127.257668
124.155731
122.582466
119.469086
29.414511
26.113878
22.816080
19.521379
27.260515
20.271233
22.435867
33.758026
26.779743
16.836536
19.025194
21.221628
23.426487
25.640537
18.845274
21.085981
23.340279
13.670287
15.961944
18.271570
20.600758
14.055834
17.225775
14.262916
12.391430
22.470205
19.598572
16.753344
13.936110
21.736946
18.978947
16.248941
13.547364
21.476591
18.826328
16.203056
13.848338
16.590435
19.358278
22.151028
34.055424
36.927086
49.010857
64.333282
86.174026
107.562233
95.502922
93.304314
68.458923
56.678535
41.784306
30.118006
20.782942
48.504948
65.888504
79.814201
111.443085
125.474915
128.880951
131.065399
129.528412
127.984047
124.871002
27.130966
23.823833
20.518927
26.955553
29.105986
22.097183
24.253292
35.577026
28.577690
30.747419
20.790466
22.975317
16.134907
18.340931
20.557083
22.784807
13.079772
15.342293
17.620962
19.917303
13.341071
15.682464
14.767876
11.794973
13.995139
20.013367
17.134733
14.283242
12.133825
19.279613
16.518364
13.786046
13.623277
19.032692
27.017550
24.388676
21.785492
18.195517
20.966793
23.763676
26.585831
29.431906
50.638214
65.972206
78.385246
103.717278
102.944038
90.924805
78.999977
54.358009
39.486786
27.837511
22.758432
40.048145
67.939743
81.884735
99.396774
127.604858
131.011444
136.423141
134.915543
133.399460
130.286499
24.549320
18.240707
19.657043
21.798941
23.943411
26.091005
28.242086
30.397293
32.556644
22.576437
24.750481
17.891695
20.085989
22.289719
24.504311
14.783985
17.034058
19.299372
21.582195
14.997601
29.366739
26.383532
23.422483
20.484709
17.572235
14.686380
11.828635
19.631109
16.837572
14.072742
21.988626
19.281832
27.262327
24.607489
21.979189
19.377083
16.801353
14.251591
16.372002
28.218536
31.070036
43.092659
55.249218
58.237991
83.153259
108.621307
98.385132
76.666611
52.061382
49.896023
25.579166
24.755116
42.074459
70.010262
83.973480
101.507759
129.750671
133.157928
141.796097
140.317047
138.828613
135.715515
26.455246
19.405190
21.538193
23.673088
25.810547
27.950399
30.093182
32.239254
34.389244
24.384840
26.548306
28.718006
21.853270
24.045090
14.285549
16.509710
18.746950
20.999348
14.378325
16.674479
26.977423
23.985464
21.015646
18.069427
15.148964
12.255485
12.854077
17.209835
14.411717
22.314772
30.259665
27.550348
24.868082
22.213070
19.585350
16.984797
14.411112
15.243039
18.019091
29.867430
32.724648
44.753315
56.919548
59.917332
84.858826
110.369347
96.043602
74.358208
72.207397
57.201050
32.794304
21.167702
44.121281
72.100021
75.490692
103.636139
121.238106
124.644012
138.731049
144.103073
142.635544
141.158020
27.003138
23.701998
25.568586
27.699194
29.832161
31.967302
34.105141
36.246014
26.216724
28.370205
30.528923
23.644367
25.824499
16.045874
18.258276
20.483356
13.824033
16.089678
18.373568
24.607788
21.606852
18.628227
15.673720
12.745165
12.030563
17.639477
14.807041
22.692926
19.924236
27.884809
35.881836
33.196583
30.537281
27.904255
25.297239
14.151312
16.904272
19.683712
31.534410
34.396919
37.284256
49.379665
61.616348
86.586464
112.141869
93.728271
72.076286
69.934151
67.794327
43.240982
28.411831
32.196133
60.112114
77.600433
105.781960
123.402802
126.808640
140.908707
149.505661
148.065231
146.613907
24.782473
21.476076
27.485678
29.610573
31.736923
33.865406
35.995796
25.933207
28.073330
30.217337
23.299377
25.461081
27.629927
17.830658
20.031750
22.244844
15.571129
17.825302
20.097097
22.259714
19.249668
16.262295
13.299286
11.272417
18.129354
15.262322
12.424597
20.324827
17.552845
25.528900
33.540127
30.854023
28.194279
25.561228
22.955044
20.375299
17.821417
15.293121
24.175701
36.088795
38.981850
51.086689
63.336895
88.337799
113.940987
104.615921
89.300209
77.387711
65.554810
50.587341
38.886734
20.313002
62.219185
65.610306
107.945236
125.584023
128.989410
143.102051
154.922958
153.508896
150.414093
25.189545
27.307096
29.425453
31.544939
33.665707
35.788151
25.694073
27.823437
29.955624
23.005398
25.152288
27.304525
29.463352
31.629299
21.831980
24.033689
17.344437
11.986197
12.999302
19.934708
16.915985
13.920023
10.948409
12.979890
15.780461
12.907487
11.567310
17.978077
15.202599
23.192539
31.217361
28.530195
25.870012
23.237156
20.631798
18.053495
15.501643
14.081301
25.882416
28.721260
40.700516
52.816078
65.080444
90.115410
102.857071
112.315208
87.050941
84.921951
73.032669
61.215797
46.260464
22.375856
53.776424
67.737473
110.125946
113.525665
131.186325
145.310593
154.599106
150.591904
149.224274
147.838623
17.087164
19.143612
21.259336
23.376602
25.495611
27.616552
29.739481
31.865160
24.893820
27.032661
29.176634
31.326012
33.481915
23.660822
25.851971
19.145721
12.514378
14.776559
17.634287
14.607448
11.602964
12.323024
16.363232
13.455815
10.806844
18.463287
15.654263
23.623440
31.631090
28.915134
26.226702
23.566317
20.933653
18.328878
15.751986
13.202343
15.804495
27.610474
30.453609
42.441578
54.568813
66.848480
82.436569
95.086021
110.062294
97.965919
95.835236
70.836433
59.034866
44.095367
24.461750
55.907967
69.884483
98.088203
115.722717
133.399292
147.534500
151.731873
147.723465
146.351593
144.961151
140.916809
18.998266
21.109077
23.220999
25.334171
27.448536
29.564697
31.682669
33.802479
26.809622
28.941948
31.078356
33.219723
35.366859
25.520279
27.701702
20.976940
14.329489
18.415876
15.360462
12.325749
11.736609
14.091887
14.070945
11.157456
12.557558
16.167858
13.355049
21.334366
29.351931
26.634399
23.944962
21.284161
18.651682
16.047915
27.797567
25.235233
17.549444
29.361380
41.296139
44.206390
56.346806
68.643204
84.256104
96.929779
107.840111
95.761559
93.637421
68.668541
56.880535
41.955883
26.570330
43.975811
61.449917
100.286194
117.936646
135.628220
149.773880
148.879166
147.522354
143.492477
142.096649
138.050858
19.481783
16.179132
18.162689
20.276413
22.392111
24.510027
26.630667
28.753969
30.880774
33.011147
35.145901
37.285778
27.411562
29.584776
13.946343
16.174976
16.177759
13.115199
11.219615
13.542993
14.753942
11.806617
11.898914
16.746088
13.899187
21.849632
19.069847
27.095829
24.377020
21.686623
19.025204
16.393126
13.789878
25.552340
22.991217
20.455555
31.136860
43.081608
45.996742
58.151703
70.465866
86.105133
98.803627
105.649551
103.516853
91.469566
66.529327
54.753433
39.842026
28.701838
46.128223
63.621655
91.825363
120.167336
137.872986
147.384552
146.040924
144.678467
140.646851
139.245010
30.778444
27.497185
20.152773
22.263718
24.376413
26.491306
28.608196
30.727884
32.850273
34.976055
37.105766
27.178568
29.336588
31.503111
15.830179
17.055490
13.968616
10.899933
18.505011
15.503056
12.524725
11.311093
17.389704
14.509598
22.426256
19.614481
16.832184
24.864161
22.143948
19.452650
16.790863
14.158950
25.915562
23.329306
20.769318
18.235188
23.902723
35.792496
47.814392
59.985134
72.318520
87.985497
100.709465
113.607262
101.364334
89.331955
64.418968
52.654022
37.753674
20.356152
34.239265
51.687706
79.831535
108.128342
125.811653
142.583603
140.573090
139.203278
135.193512
31.955151
28.670336
25.387106
22.167194
24.276314
26.387041
28.499798
30.614592
20.591282
22.721279
24.856144
39.100262
29.142685
31.296143
24.480255
17.990665
14.882191
11.790064
12.652127
16.316956
13.310007
10.792681
13.162976
15.186716
23.064203
20.221081
28.188025
25.409016
22.658264
19.936764
17.244648
14.582521
26.327890
23.715378
21.129789
18.570848
16.038130
25.722588
37.624332
49.660580
61.848587
74.202225
89.898804
102.648331
114.731178
99.243813
87.225365
62.338112
50.581947
35.691040
22.517263
25.896347
39.796185
71.410492
99.675179
128.072891
139.782928
137.767273
133.775681
129.787567
128.370743
26.583748
23.299307
20.017036
16.736704
28.424486
30.536032
20.474524
22.598572
24.726770
26.859219
28.997026
31.140770
33.291386
18.978928
15.852379
12.739868
20.244640
17.192413
14.159750
11.148656
12.681887
15.048180
13.014253
20.890749
28.820889
26.012579
23.231911
20.479630
32.152424
29.458300
26.791300
24.151640
21.539375
18.954388
16.396391
13.864942
27.568661
39.484131
60.747032
63.743431
76.118515
91.845833
104.621208
112.625786
97.156242
85.150108
60.286552
48.537350
33.654190
22.003006
28.077841
41.990170
73.638336
101.928604
116.032875
136.997269
133.017517
130.981705
126.991272
123.004066
24.519260
21.234381
17.951416
16.159199
30.488430
32.600159
22.511112
24.634706
26.761948
28.893818
31.030760
33.173332
26.287344
16.873722
13.744387
12.012135
18.125690
15.070335
12.034492
12.267811
14.604931
16.968124
21.622667
29.512428
26.675238
23.864826
21.082550
32.724892
30.003033
27.308201
24.640789
22.000805
19.388758
16.804296
14.247126
14.634091
17.392298
32.269558
62.671246
65.670830
78.068703
93.827682
106.628799
110.554176
95.101425
83.106483
58.264107
46.520233
44.399433
29.509354
30.281363
44.204670
75.884613
104.199272
118.311363
134.226532
130.243881
128.201691
124.208557
120.218765
22.476471
19.192158
16.109629
30.467846
32.579300
34.692375
24.575224
26.699343
28.827375
30.959641
33.097252
35.240555
28.330147
14.798699
11.774293
13.999906
16.241295
12.980022
11.916648
14.227864
16.562840
18.923935
19.511295
27.396549
24.557652
21.745947
18.962147
30.602228
27.879528
25.184093
22.516338
19.876276
28.055115
25.463243
22.896835
20.355801
19.276039
34.173199
46.184769
58.340755
80.053337
95.845192
108.671272
108.517006
83.210365
81.093872
56.270405
54.152264
42.405052
27.518423
43.067665
46.439564
103.106293
106.486679
120.606010
131.470230
127.484558
125.435493
121.439339
117.446716
113.457741
20.455797
17.172367
18.195488
20.309319
22.425411
24.544527
26.666788
28.792620
30.922512
33.057018
35.196598
28.243979
21.369875
12.753949
13.795011
17.056555
13.980289
11.623628
13.912251
16.222406
18.556326
20.916388
17.430702
25.309269
22.469336
19.656282
16.871517
28.506233
25.782866
23.086958
31.217432
28.573421
25.955729
23.363869
20.797888
18.257689
21.186357
23.972467
48.136608
51.055538
72.652100
85.161720
108.664665
93.219887
81.232872
66.099876
54.304676
52.181599
50.059631
38.307472
36.179722
34.053062
130.515244
119.535416
122.916100
128.728256
124.739182
120.754082
118.683403
114.687851
110.695930
18.191320
20.304913
22.420660
24.539278
26.660868
28.785564
30.914276
33.047279
35.185158
37.328632
30.351776
23.453341
13.635456
15.847277
15.030986
11.954782
13.652849
15.941539
18.251760
20.585743
14.072146
15.381412
23.251133
20.410404
17.596643
14.811273
26.437487
23.713638
31.813648
29.143623
26.499495
23.881836
21.290157
29.505896
26.956408
14.067478
25.910458
40.924686
53.039299
65.302956
87.215324
106.699432
91.268158
79.287025
64.160599
52.366673
50.237785
48.110268
36.357719
34.225159
32.093594
118.492355
121.864929
127.383675
126.000450
122.007645
118.019142
115.940643
111.941849
110.464447
20.028713
16.771551
26.677977
28.802774
30.931395
33.064091
26.027700
28.175350
30.329453
32.491352
25.568270
15.717441
16.126278
13.035799
13.444458
15.714622
14.487585
11.492344
13.746143
16.110523
13.363696
21.222485
18.381449
15.567640
27.147621
24.396410
21.672283
29.765915
37.892887
35.246254
32.624115
30.026499
27.453083
24.904327
16.013947
27.875439
30.687876
45.799145
57.996864
79.789330
105.265068
89.348862
77.371887
62.249836
50.455311
48.319176
46.185181
44.053078
32.292854
30.156111
95.760582
99.126976
124.680008
123.286293
119.289772
115.297424
113.210602
109.208397
107.721336
18.069620
17.503471
28.840855
30.969997
33.103283
35.241001
28.183687
30.335712
32.494751
34.661739
27.714302
17.829058
14.159122
13.281264
18.560053
15.526638
12.512332
13.475567
15.817012
18.182709
11.663488
19.223679
16.382607
13.568963
25.134567
22.383259
30.440580
27.744070
35.864487
33.217777
30.595625
27.998051
25.424971
22.875937
20.351292
20.744183
32.680225
35.516914
60.040718
81.882523
107.417900
87.461220
75.486320
73.344574
58.225677
56.087723
44.284298
42.145416
30.382418
20.351330
48.315308
101.465408
119.419930
115.463524
114.033142
112.588791
108.596718
106.487335
17.535339
19.662951
21.794123
23.929701
35.301018
28.214968
30.366047
32.523693
34.688980
27.701923
29.890177
15.320664
13.158420
19.659336
27.184603
34.789810
31.815350
28.859983
25.924614
23.010878
13.740393
17.254189
14.413791
12.145548
23.149244
31.167063
28.444977
25.748697
23.078417
31.213831
28.591671
25.994116
23.421074
20.872322
18.347307
22.742159
34.699493
37.535931
52.774780
65.077644
96.671532
98.828369
83.444801
71.478058
56.359539
54.213165
42.406559
40.260197
28.493401
26.343714
36.517941
103.819595
116.751038
112.790054
111.348434
109.893074
105.896797
103.778442
19.712412
21.844494
23.980415
26.120825
37.523369
30.417221
32.574654
34.739067
36.911110
29.900705
32.095341
13.406485
20.796722
28.273483
25.247761
32.841125
29.868170
26.914286
23.980597
21.068264
15.848154
15.314171
12.474923
14.227896
21.191540
29.197594
26.475704
23.779572
21.109159
29.234707
26.612326
24.014757
21.441681
18.892878
16.368013
33.933834
36.745583
39.581360
54.851273
57.777103
70.159866
114.968193
94.806694
79.443550
67.482056
52.362415
40.550842
38.396381
26.624628
24.467979
38.833450
95.449348
112.200310
108.252525
106.168732
104.695885
103.209450
101.081497
21.910385
24.047337
26.188663
28.335041
39.769684
32.644260
34.808376
27.753593
29.935055
19.911837
22.118240
15.238258
18.896009
26.360247
23.337364
30.918089
27.947231
24.995192
22.063528
19.153158
16.265678
13.402679
13.868064
16.339621
18.839373
27.253664
35.292542
32.597504
29.926531
38.053963
35.428768
22.059916
19.486731
16.937759
14.923676
36.007206
38.818001
41.652954
56.955383
59.879215
62.823483
75.283386
102.965004
77.620071
65.656502
50.533955
38.716873
36.553566
24.775558
27.282494
41.167038
83.532654
107.075485
103.146118
103.517319
102.032333
100.534172
98.396217
33.430706
26.271551
28.418879
30.571390
32.729645
34.894279
27.810234
29.990217
32.179127
22.122816
24.335644
20.088585
17.020739
24.471994
21.452578
29.019773
26.051575
23.102388
20.173065
17.265400
14.380278
13.560109
16.006853
18.480427
17.357912
25.335434
33.361629
30.666693
27.995947
36.112103
33.487179
20.129633
17.556044
15.006798
16.974457
28.889254
40.916790
43.750092
59.086300
62.007366
64.949249
77.431664
101.152115
75.820862
41.261810
39.079662
36.902790
34.730656
22.945629
29.629322
43.517403
85.911270
104.460701
100.525673
99.029686
99.381310
97.870483
95.722580
19.237278
21.389847
23.548101
34.994633
37.167213
30.063057
32.250263
34.447010
24.358149
17.414661
18.233284
15.170332
22.608061
19.592464
27.145830
24.180813
21.234762
18.308500
15.403786
13.300140
15.724342
21.053131
18.254469
15.480715
23.442244
31.454062
28.759796
26.089367
23.442810
20.820957
28.965853
26.386635
23.829865
21.295540
30.988102
43.041168
45.872696
48.726845
64.161339
67.100121
70.058128
99.363800
74.044327
49.125946
37.295120
35.108273
23.318947
21.133579
31.993267
45.884132
74.037712
91.636551
96.105698
96.409630
96.742149
97.086044
98.057907
21.477364
23.636127
25.800900
37.280594
39.461151
20.001862
22.196823
24.401270
26.616581
19.649590
16.400965
14.996993
20.767673
17.756863
25.295563
22.334423
19.391747
16.468994
13.567656
15.487636
17.914827
19.198301
16.401461
13.629291
21.573544
29.570110
26.876413
24.206377
32.296444
29.671463
27.069405
24.489794
21.932955
19.398212
42.384254
45.190239
48.019665
50.871780
66.340096
69.275078
72.229454
94.473785
95.384689
83.239052
67.903351
42.982662
40.798317
19.338821
20.319057
37.674347
51.575760
79.755585
93.517326
93.802002
91.661247
90.118881
92.887741
21.576845
23.736408
25.901558
28.073494
30.251917
32.438404
22.260527
24.462240
26.673948
28.896807
21.906757
14.975339
17.236294
18.949772
15.943977
23.468199
20.511135
17.572691
28.772629
25.889385
17.699753
20.130255
17.367481
14.572709
15.418554
19.728455
27.709044
25.016022
22.346460
30.421974
27.797108
25.195005
22.615191
20.057762
17.522505
35.257767
38.034084
40.832951
53.040009
68.542732
71.473755
74.424072
87.023026
104.207962
81.484047
66.146431
41.222851
39.028629
19.421335
22.701422
40.062313
53.965519
82.158997
90.941910
91.206284
89.053772
85.075508
83.501633
23.847059
26.013279
20.315350
17.964712
32.550915
34.745159
24.538980
26.748055
28.967400
21.944048
24.185131
17.229885
19.497362
17.154112
14.908735
17.222506
18.710279
29.853268
26.953693
24.073589
19.935829
18.375786
15.560009
15.126513
17.620459
17.906677
25.870504
23.178032
20.509018
28.569080
25.944351
34.067066
31.482878
18.204058
16.178520
37.427456
40.201992
42.998631
55.231182
70.768303
73.694992
76.640663
89.261543
100.659729
89.674362
77.537880
52.428322
37.275925
21.828222
25.099077
42.464874
56.369556
84.575737
88.378784
86.219574
84.650764
82.474167
78.495010
76.889832
75.272430
28.038862
24.859200
21.685472
18.518396
20.240719
22.430676
24.628836
26.836121
29.052862
31.280371
24.235205
26.483662
19.505047
21.778921
24.068134
17.171114
19.490822
16.930899
28.052183
25.156174
19.779488
19.423094
16.587942
14.876694
17.349009
18.846420
16.106928
24.053370
21.361994
18.693361
26.736998
24.112423
32.220642
29.636316
27.073135
24.530502
21.017904
42.391533
45.185966
57.444210
73.015518
75.937828
78.878777
91.520592
97.178040
95.446877
91.610901
73.598412
48.492069
23.668190
27.511742
44.881813
58.787289
76.302177
83.478043
83.655731
82.072334
78.099808
75.899338
74.280281
72.649422
68.634682
26.239813
23.066471
19.899084
20.344454
22.533936
20.623280
17.635092
29.151264
22.068905
24.301098
26.545208
28.801279
21.799608
24.080360
26.376289
19.453621
18.115290
15.172230
26.271416
23.379217
20.506184
17.653246
14.821313
22.609545
19.826893
27.704674
24.969934
22.257145
19.566494
16.898754
24.925348
22.301170
19.698664
27.809496
25.245972
22.702814
20.180265
25.896742
47.394394
59.678169
62.538849
78.201019
81.137207
93.800095
94.729500
91.904655
89.166412
86.914078
56.544113
21.935850
29.938448
47.312256
61.218113
78.736244
80.947189
79.338028
77.141968
75.526619
73.314049
71.680893
67.678703
66.016937
21.289291
20.457960
22.646843
24.843410
18.860256
19.933565
22.152618
24.381676
26.621319
28.873056
21.838690
24.112331
26.400381
28.703423
21.755213
16.370646
17.203594
24.510105
32.170467
29.309961
26.468605
23.646725
20.845531
18.065285
25.925674
23.192524
20.481050
17.791643
16.099081
23.133711
20.509722
17.907141
26.001892
23.437990
20.894251
18.370920
28.071487
40.196667
52.433208
64.789070
80.483986
83.414993
95.210495
92.299561
89.477333
86.739326
84.486778
67.950027
29.881948
32.378277
49.755344
63.661453
78.355362
78.427650
76.803215
74.594147
72.963982
68.984970
66.748642
61.040562
57.074596
22.687973
20.580379
22.769114
24.965021
27.168631
20.031481
22.248274
24.474554
26.711035
28.958281
21.894161
24.161665
26.442677
28.737707
21.753475
17.593596
17.152905
25.669525
33.287804
30.413038
38.126083
35.295704
32.483864
29.691011
26.918213
34.796257
32.067932
18.724276
16.035950
18.326035
21.361158
18.737144
16.875753
24.212917
21.648607
24.846834
27.545595
30.265026
42.415882
54.677628
67.058151
82.785500
85.711151
92.793556
88.893845
86.007187
83.203712
82.075119
66.249710
28.177549
24.278311
52.210686
55.466385
69.383980
73.638054
74.279068
72.056725
70.411346
66.426865
62.447083
58.471569
54.500542
34.172913
31.023483
27.880421
25.094994
27.298077
29.509092
22.354713
24.578457
26.812099
29.056122
31.311075
24.226282
26.501183
28.789215
31.091534
24.083654
17.125607
19.464321
23.940018
31.544374
28.673161
36.372105
33.544468
30.735409
27.945343
35.782894
33.036774
30.310040
27.603558
24.917223
22.251551
19.606743
16.982941
25.026773
22.441971
19.877222
17.726469
20.403328
32.476898
44.653286
56.940174
69.344933
85.104263
88.024467
90.393463
86.487381
83.603912
80.801369
79.678391
64.563553
26.485741
26.733669
54.677891
57.925266
71.184784
71.148918
71.764969
69.529465
65.555130
63.878376
59.893101
55.912224
51.935959
29.272884
26.136141
23.006628
29.645100
31.863850
24.692329
26.923355
29.164455
31.416098
24.304625
26.573967
28.855888
31.151447
33.461086
26.430004
19.447708
21.792139
22.227451
29.817797
26.950489
34.634689
31.810371
29.004202
26.216801
34.038864
31.294653
28.569584
25.864275
23.179060
20.514214
17.869936
18.711838
23.273418
20.688410
18.123199
19.930866
22.606770
34.705944
46.907864
59.220200
71.648926
87.439774
90.354439
88.009354
84.096832
81.215981
79.552650
77.295593
62.890289
47.539509
29.200668
57.156185
71.061035
70.929039
68.670403
66.977859
67.011909
63.031445
61.339317
57.348511
53.362347
49.380688
27.535667
24.405371
21.282265
22.594177
24.814413
27.043867
29.282244
31.530857
33.790157
26.659380
28.936159
31.225355
33.528000
35.845184
19.450880
21.784996
23.435307
20.530535
28.107069
35.752235
32.914013
30.092665
27.289480
35.072529
32.311401
29.568953
26.845610
24.141750
21.457922
18.793934
18.369049
20.962734
21.536802
18.951576
28.866915
31.542154
34.237091
36.951664
49.179489
61.516605
73.968994
89.790771
88.618011
85.640350
81.721275
78.842697
76.040619
63.489941
61.229595
45.871769
31.678898
45.473034
48.695053
66.282455
64.540436
62.259243
60.536388
58.818520
56.536091
56.522770
52.515965
22.687550
22.725496
24.944643
27.171949
29.408636
31.654404
33.910549
36.177505
29.028040
21.923609
24.213894
26.517269
28.834499
21.797045
24.664164
21.748537
29.287424
36.895153
44.568279
41.740582
38.929535
36.135231
33.358418
41.186939
38.450474
35.732235
22.435469
19.752609
18.061712
20.635805
23.229954
25.844206
28.478546
31.132656
33.806835
36.500412
39.213554
51.466446
63.828320
76.303993
79.159119
86.258156
82.313637
78.385155
76.483093
73.680603
61.849907
59.580475
44.215027
32.182518
37.365566
51.174850
62.242565
62.088165
58.153011
58.054165
56.320637
54.024849
52.286335
49.976410
22.863453
25.081291
27.307610
29.542023
31.785969
34.039131
36.302792
38.577381
31.409618
24.285618
26.582556
28.892584
31.216436
25.912024
22.986534
20.075979
27.602472
35.197399
42.857723
40.033421
37.225143
34.433636
31.659403
39.473648
36.739090
34.022537
20.744459
18.062815
25.982346
23.339710
20.716007
18.735643
21.351902
23.987131
26.641447
29.314240
41.490665
53.768864
66.154724
68.964897
81.504219
83.912094
79.961739
76.027519
73.094025
71.333008
60.220585
57.941998
42.569096
30.527216
39.855408
53.664680
56.876911
57.489170
55.702908
53.385609
51.617119
51.522301
49.768387
49.708977
34.690670
27.449448
29.682510
31.924044
34.175240
36.435772
38.706921
40.989079
33.803181
26.660202
28.963778
31.280426
24.192255
24.242626
21.322342
28.814022
25.931082
33.513657
41.161575
38.340275
35.535049
32.746616
29.975018
37.774876
35.042507
32.327442
19.067749
20.083767
24.290844
21.648848
19.025497
21.004099
23.620348
26.255047
19.473751
22.127178
34.270168
46.510216
58.852444
71.301865
83.862785
80.345024
77.622978
73.682808
70.751770
68.997009
68.481010
65.273323
54.036144
28.881731
31.778301
45.543640
55.336494
53.485954
51.132679
50.930809
49.146362
49.028149
51.218464
49.454033
37.084606
39.323486
32.068764
34.317398
36.575817
38.843681
41.122250
43.411900
45.713284
29.046921
31.357090
24.242340
26.571308
32.951202
30.044193
27.151180
24.272976
31.843273
29.003031
36.660973
33.858841
31.073074
28.304359
36.090004
33.359623
30.646311
19.854868
25.272942
22.613363
19.972019
20.689459
23.286818
25.902828
28.536991
28.228897
25.691362
36.548786
48.813354
51.557308
54.318695
76.472435
78.009827
75.296112
73.408585
69.478104
66.672058
65.562164
62.940792
52.409004
37.025249
24.969246
37.449932
51.231983
47.525265
47.150249
46.878990
46.683838
46.542198
50.985611
39.488869
41.735180
34.465813
36.721516
38.987103
41.262234
43.548141
45.845184
38.624405
31.444422
24.304808
26.626707
23.865368
31.291557
28.389091
25.500957
33.037285
30.185593
27.349167
34.994648
32.195637
29.412786
26.646530
34.418411
31.689827
28.978510
22.175470
23.607885
20.949257
20.406199
22.985504
25.583149
28.198689
30.832312
26.534723
23.996771
38.840744
51.129791
53.871433
56.630016
78.787033
75.686600
72.980621
71.102676
67.165298
64.357391
61.611103
59.337517
56.713852
48.506172
23.333420
39.949753
49.048618
45.136742
42.715691
44.447735
48.074558
50.243729
48.461979
46.097286
54.673889
44.156651
36.873131
39.135853
41.408546
43.690857
45.984005
38.743519
31.542173
33.852982
26.694351
29.022238
22.226871
29.643450
26.745749
23.862265
31.387693
28.539995
25.707382
22.890362
20.089411
27.764683
25.001118
32.759483
30.032936
21.986286
24.508955
21.955544
20.152695
22.714611
25.294281
27.891981
30.507278
33.140358
24.853811
22.315199
41.145401
43.848274
46.568279
58.953979
76.468773
73.374527
70.676048
68.806458
64.862320
62.052345
59.301834
57.022820
54.391300
46.888405
25.222097
42.457863
46.676052
42.756569
40.322811
43.615639
45.609741
47.743279
47.659538
43.567673
44.327267
46.587601
39.290207
41.560097
43.839592
46.128990
48.429260
41.172752
33.953896
36.271332
29.094282
31.428085
21.142656
28.006731
25.113783
32.607944
29.749573
26.906082
24.077051
21.263638
21.385622
23.836683
26.303993
20.623552
21.823135
24.329969
26.854202
29.396063
22.472553
25.035131
27.615162
30.212925
23.321705
25.741228
23.185398
21.700788
33.886551
46.163345
48.881397
61.289505
64.059448
66.845284
67.095398
65.442894
62.568768
59.756214
57.001568
54.716522
52.077126
45.278908
29.874477
44.973816
42.847652
40.384560
37.937737
41.192688
37.215298
49.243656
45.141441
41.044811
46.760452
49.027790
41.716537
43.993069
46.279716
48.576088
50.883366
43.611168
36.375610
29.176859
24.837078
21.903271
29.282078
26.380625
33.844421
30.976379
28.122581
25.282610
22.457590
21.317297
23.755209
26.209152
21.745474
21.684240
24.176094
26.684786
29.210352
22.257715
24.803900
27.367142
21.292404
23.028868
26.657425
24.084999
21.528952
23.979593
26.627594
38.871181
51.206009
53.938229
56.686035
66.182175
64.799393
63.158733
60.283813
57.468647
54.709351
50.783615
48.496925
45.853550
41.378170
25.969099
36.517380
34.693634
34.092976
37.200272
33.229549
32.374458
49.202042
51.476521
53.759808
46.435204
39.143246
41.437489
43.742180
36.488083
29.268986
31.590061
23.218870
23.581234
27.661028
24.764368
32.219204
29.355629
26.505482
23.669893
21.267927
23.693771
26.135004
28.592239
21.567926
24.045628
26.539387
29.049923
31.577028
24.599022
27.146160
29.710060
22.763641
25.346323
25.012865
22.440458
23.638973
26.270308
28.917175
41.183914
43.880047
56.271591
59.016972
63.872250
60.715458
59.846012
56.921856
54.057045
51.248310
48.491997
46.198788
43.547108
39.776470
25.345207
36.264809
32.347694
31.728373
34.798668
32.377762
35.645187
42.042267
44.314266
46.595150
48.885349
41.578934
43.879852
36.607956
38.920967
31.685255
34.011894
36.350605
25.982700
28.334162
23.157873
23.556522
25.938507
28.334385
22.066496
23.650354
26.079929
28.524437
21.472570
23.936703
26.416784
28.912651
31.425009
33.953865
26.950686
29.498772
22.525106
25.091608
25.968021
23.379707
23.326281
25.941322
28.571749
31.217697
43.507568
46.201843
58.615356
61.358326
61.572525
58.421398
57.572662
54.648472
51.781700
48.969475
46.207924
43.907780
39.982315
38.181648
34.704342
30.972681
30.008783
27.944773
30.930120
34.363655
44.480690
46.759163
49.046562
32.147884
34.436325
36.734524
29.478586
31.788752
34.109997
36.442329
38.786667
28.392929
30.749466
23.584166
25.957260
26.142717
23.300879
30.839247
28.030298
25.235493
22.455410
23.848251
27.366131
24.634716
21.918346
33.809750
36.340103
29.312174
31.861200
24.862568
27.429743
24.345074
23.040386
33.261158
30.703039
30.883661
33.528694
45.841415
48.533840
60.969006
62.484089
59.282391
55.290668
53.984524
51.337116
49.513924
46.697681
43.930859
41.623676
37.691170
36.322777
32.395149
30.242290
27.676773
30.318216
34.186569
38.101105
42.951324
37.316887
39.592628
41.877151
25.588835
27.298641
29.594345
31.899794
34.215870
36.542759
38.880692
28.462145
30.811468
33.172997
25.988688
28.366280
24.549807
23.613092
29.240839
26.435537
23.643963
23.778357
26.232958
25.769138
23.039957
24.127001
26.630058
29.148809
31.682974
24.658102
27.209948
25.335581
22.780115
34.204277
31.631235
29.072863
26.529131
35.849689
48.184750
50.875786
63.332050
60.196831
56.189327
53.006474
49.878277
49.073959
46.159145
44.432610
41.660267
39.345985
35.406612
34.027107
31.865307
27.927969
28.800247
33.093578
37.449360
41.378281
45.793320
50.659069
55.530949
60.408470
30.159487
32.432781
34.714687
27.424826
29.716606
32.017944
34.329018
36.650459
38.982903
41.326546
30.883547
33.237877
35.604305
37.983250
30.783592
23.616461
26.014629
27.651369
24.849443
23.726093
26.169062
28.626429
24.181076
24.012266
26.502253
29.007030
31.527239
24.476633
27.013975
29.566525
23.731873
25.112612
32.584267
30.010956
27.452559
24.908367
25.327845
40.838364
43.510860
55.931068
57.138031
53.908340
49.912388
46.746983
45.483974
43.901638
41.036568
39.395981
37.074230
34.388859
31.737314
29.563845
28.013102
32.063145
36.359592
40.194286
44.661350
49.499237
53.941349
58.807400
63.679050
30.311148
34.860924
37.148605
39.445301
32.141922
34.448811
36.765640
39.092583
41.430473
30.964609
33.312267
35.671738
38.042976
40.426601
33.208305
26.021841
28.424080
30.839355
23.689983
26.122005
28.567909
31.027998
23.916859
26.394003
28.885933
31.392405
24.316875
26.840315
27.387350
24.754868
36.162487
33.561092
30.973484
28.400585
25.841484
25.015266
27.636703
43.176868
45.848240
58.289249
54.859608
51.636002
47.637203
44.476284
43.228230
41.650673
38.782467
37.137543
34.808277
30.855694
28.164465
27.935972
31.829353
35.331730
40.086781
43.993107
47.950291
52.782154
57.229374
62.089664
66.955742
32.735603
35.011978
37.296688
39.590054
41.892445
34.574665
36.887020
39.209286
41.541622
31.054335
33.395794
35.748367
38.112438
30.871565
33.249836
35.640228
38.043327
30.841043
33.259926
26.090559
28.525671
30.974241
33.437000
26.304461
28.783752
31.277594
33.785732
26.687481
29.212328
25.800146
24.681129
34.560436
31.959192
29.372204
37.348068
34.789513
32.244408
29.954615
32.589272
35.237717
50.877895
51.831829
49.371761
46.203922
43.087143
40.979401
38.348427
36.534153
33.707767
30.923710
28.588776
27.168083
27.962475
35.085499
38.605873
43.354397
47.273300
51.244637
56.070568
60.523026
65.377632
70.238213
35.166809
37.448750
39.739048
42.038013
44.346001
46.663364
39.331787
41.659393
43.997246
33.487492
35.833855
38.191254
40.560047
33.302078
35.684437
38.079227
40.486343
33.265125
35.687542
38.123180
30.936230
33.387859
35.853241
28.699701
31.181103
24.443653
26.554697
29.066242
26.866114
24.498125
27.039083
32.967045
30.366175
27.779127
35.744003
33.185081
30.639654
32.281418
34.914989
37.562374
53.230740
49.561726
47.115112
43.111065
40.838013
37.774281
36.106407
34.291508
31.460236
28.670000
26.471802
30.414711
28.979151
38.346886
41.885178
46.191303
50.558781
54.544384
59.364479
63.822212
68.671227
73.526260
29.585913
30.260519
32.547302
34.842594
37.146935
39.460445
41.783226
31.256144
33.586464
35.927044
38.278225
31.000238
33.363926
35.739002
38.125587
40.524464
42.935738
35.695930
38.121811
40.560722
33.354225
35.808636
28.632387
31.102194
33.585670
26.440582
28.939629
27.951859
25.294117
36.623379
33.996014
31.381714
28.781439
26.194555
26.798616
31.589180
29.043659
34.616280
37.249222
39.895336
42.555183
45.227730
44.056213
40.052486
37.709858
35.533489
33.870220
32.054100
29.217838
26.421350
29.716722
33.666405
31.522516
41.613361
45.800144
49.905388
53.849445
57.849174
62.663544
67.126587
71.970085
76.819435
80.995102
85.763763
30.998211
30.407728
32.691765
34.984013
37.284538
39.594112
41.912609
44.240791
33.692574
36.027756
28.731716
31.077957
33.435059
35.803116
38.182228
40.573177
42.976044
35.716213
38.133129
40.562172
33.334778
35.778824
38.235958
31.039513
33.511570
35.997082
28.830894
31.331741
26.386225
26.706867
35.044849
32.418030
29.804747
27.204390
35.132977
32.560654
30.001467
27.455624
36.959072
39.591167
42.236465
44.894630
44.061855
41.029278
37.800945
35.468307
33.298771
31.639423
29.821632
26.980280
29.338478
32.966099
35.527935
34.070820
44.884560
49.075695
53.787025
57.926231
61.916931
65.967453
70.199005
75.048904
79.424728
84.317444
89.088814
30.559292
32.840336
35.129532
37.426941
39.732620
42.047108
44.370941
33.805035
29.251062
28.823162
31.163639
33.514572
27.848330
28.593340
30.967010
33.351696
45.433220
38.155979
40.576153
33.328537
35.762791
38.209473
40.669273
33.453224
35.927486
38.414993
31.228283
33.730457
26.569418
29.085930
33.473904
30.847841
28.234900
26.350489
33.553177
30.980909
28.421816
26.973810
29.577372
32.193783
34.822746
45.829975
41.804710
37.792103
34.775192
32.377029
30.136007
29.413630
27.593840
28.020111
32.580044
36.220135
33.983723
36.623379
48.160019
52.842690
57.061329
61.774620
65.566742
69.276115
73.749916
78.365616
82.971397
87.644730
92.418808
35.279030
37.573307
39.875568
42.186539
44.506077
46.834923
36.248779
28.921558
31.256638
32.055382
29.169024
28.657316
31.024103
33.401276
27.973829
28.520222
30.921539
33.334572
35.759575
28.519943
30.958666
33.409595
35.873173
38.349598
40.839054
33.632210
36.135902
28.953957
31.471355
31.909983
29.284897
26.672510
28.709515
31.980900
29.408686
26.849461
29.310707
31.913771
34.529503
37.157608
39.798237
38.844913
35.540691
31.538853
30.142391
27.908432
30.515972
27.506525
30.313272
34.890743
39.478378
42.370941
30.078018
42.212902
56.116760
60.340111
65.047646
69.227646
73.277962
77.393929
82.204903
86.298180
90.976654
95.753502
36.645283
33.670326
42.329857
44.645805
34.047092
36.368095
38.698215
31.356428
33.695946
30.497417
28.729595
31.089697
33.460239
35.841732
28.553930
30.947315
33.351795
35.768059
28.509203
30.938341
33.379738
35.833168
38.299057
40.777596
43.268967
36.042103
38.547287
35.640247
32.990440
30.353436
27.728642
28.522354
33.000542
30.415810
38.362522
35.804375
31.654793
30.725002
28.203720
29.729483
32.354275
34.991116
32.583622
29.292728
27.914042
27.721163
28.819769
32.395504
35.273899
39.075886
43.635731
40.836060
31.152273
44.768147
59.395145
63.623032
68.324928
72.512413
76.575630
80.706329
85.511917
90.042511
94.313286
35.067181
32.096954
44.789795
34.175613
36.492477
38.818130
41.152855
34.730629
31.833391
39.145893
36.273430
33.527718
30.558414
28.597345
30.983032
33.379864
29.527336
28.510118
30.930609
33.362526
35.806549
38.262421
31.013641
33.482708
35.964153
38.458126
40.964771
34.088085
31.439377
28.803068
28.353914
30.894541
31.442101
28.857603
36.794868
34.236458
42.234272
39.701382
29.445873
32.058052
34.681755
33.662880
30.339403
29.827751
31.099808
33.051323
34.235481
36.477879
40.095505
43.798042
46.884346
51.448856
33.707573
47.327595
62.677536
66.910027
71.606415
75.449066
79.877548
84.022919
88.536644
93.359871
97.822685
102.533478
107.333107
43.568470
40.609184
34.309006
36.621979
38.943443
41.273666
33.904068
33.175968
30.282427
37.591354
34.722767
35.971107
29.015482
31.028425
33.417610
35.817822
28.522348
30.934208
32.725773
29.962965
28.523609
30.970793
33.429832
35.900902
38.383942
40.879772
43.387627
36.145496
38.666344
28.202837
30.731642
33.272800
35.826359
28.632168
31.196939
33.773930
40.663975
38.130821
31.782003
34.393265
35.441383
31.420141
28.646603
32.858604
34.178185
36.168064
37.406387
39.685024
44.143055
47.027500
50.822197
51.070129
35.399868
39.271542
65.963638
70.201027
74.892021
78.751518
83.183571
87.586227
92.139046
96.681496
101.345299
106.016602
110.754044
41.995480
39.040649
36.756023
39.073547
41.399532
34.016884
36.350849
38.694099
31.333282
33.685806
36.047760
38.419624
31.082418
33.464802
35.857643
29.254675
36.744274
33.961800
31.190248
28.502600
30.940796
33.390060
35.851234
38.324272
40.809322
43.306519
45.815998
38.554558
41.076218
30.585890
33.115402
30.940802
28.443428
30.996212
33.561035
36.138123
39.100487
36.567066
34.124504
36.735073
33.206150
29.184025
31.685209
34.629124
37.262604
39.290318
40.581779
42.896252
47.350098
50.260513
54.064766
49.547825
33.871101
41.829227
69.253365
73.495605
78.181343
82.057823
86.493622
90.902786
95.680237
100.255524
104.674103
109.512062
114.210747
114.210747
